0.5665 -0.012 0.6521  2.20676e-15  1.74552e-15   1.9005e-16  1.66274e-16 -2.16392e-15  2.90122e-15            1  4.67979e-18 -1.19744e-17  4.67979e-18           -1 -6.31638e-19 -1.19744e-17  6.31638e-19           -1
0.5665 -0.012 0.6521 -3.50124e-15 -2.69604e-15 -3.41087e-16 -1.83755e-16  3.01592e-15 -4.49978e-15            1 -1.17796e-17  2.79474e-17 -1.17796e-17           -1  5.98673e-20  2.79474e-17 -5.98673e-20           -1
0.5665 -0.012 0.6521  3.50928e-15  2.66395e-15 -1.09241e-16  1.92168e-16  -1.8602e-15  4.44972e-15            1  1.79918e-18 -4.78145e-18  1.79918e-18           -1 -7.24507e-19 -4.78145e-18  7.24507e-19           -1
  0.566496 -0.0119963     0.6521 -0.000378289  0.000348889 -3.15166e-06  1.94945e-07  1.92516e-06  -0.00187925            1 -1.98296e-05 -1.75441e-08 -1.98296e-05           -1  3.37631e-10 -1.75442e-08 -3.37283e-10           -1
 0.566485 -0.011986    0.6521  -0.00106059  0.000978244 -7.79508e-06  3.51605e-07  2.12004e-06  -0.00526776            1 -7.54207e-05 -5.33982e-08 -7.54207e-05           -1  8.74006e-10 -5.33982e-08 -8.69979e-10           -1
  0.566464 -0.0119666     0.6521  -0.00198663   0.00183247  -1.2836e-05   2.9563e-07 -2.11644e-06   -0.0098661            1 -0.000179544 -8.91225e-08 -0.000179544           -1   3.1988e-09 -8.91231e-08  -3.1828e-09           -1
  0.566431 -0.0119364     0.6521  -0.00310796   0.00286647 -2.20014e-05 -1.60041e-07  5.74207e-07   -0.0154318           1 -0.00034241 5.26533e-08 -0.00034241          -1 1.05589e-08 5.26497e-08 -1.0577e-08          -1
  0.566385 -0.0118937   0.652099  -0.00438503   0.00404368  -3.1747e-05 -1.23286e-06  1.92673e-06   -0.0217685            1 -0.000572159  6.18366e-08 -0.000572159           -1  2.83229e-08  6.18204e-08 -2.83582e-08           -1
  0.566324 -0.0118373   0.652099 -0.00578581  0.00533449 -4.2032e-05 -3.1531e-06 1.06402e-06  -0.0287172            1 -0.000875248  -1.4017e-08 -0.000875248           -1  6.40071e-08 -1.40731e-08 -6.39948e-08           -1
  0.566247 -0.0117664   0.652098  -0.00728449   0.00671488 -5.44838e-05  -6.1426e-06  1.85027e-06    -0.036149     0.999999  -0.00125678 -4.50889e-08  -0.00125678    -0.999999  1.27137e-07 -4.52487e-08 -1.27081e-07           -1
  0.566153 -0.0116802   0.652098  -0.00886029   0.00816539 -6.75241e-05 -1.04139e-05  2.22046e-06   -0.0439595     0.999999  -0.00172075 -1.36025e-08  -0.00172075    -0.999999  2.29345e-07 -1.39971e-08 -2.29321e-07           -1
  0.566042 -0.0115781   0.652097   -0.0104962   0.00967027  -8.2417e-05 -1.61728e-05  4.29669e-06   -0.0520643     0.999997  -0.00227026 -1.02974e-09  -0.00227026    -0.999997  3.84487e-07 -1.90262e-09 -3.84484e-07           -1
  0.565914 -0.0114596   0.652096   -0.0121785    0.0112168 -9.79135e-05 -2.36037e-05  4.82135e-06   -0.0603949     0.999996   -0.0029077 -8.08536e-08   -0.0029077    -0.999996  6.08441e-07 -8.26224e-08 -6.08204e-07           -1
  0.565767 -0.0113245   0.652095   -0.0138958    0.0127945 -0.000113426 -3.28328e-05 -4.90834e-07   -0.0688957     0.999993  -0.00363487  5.89951e-09  -0.00363487    -0.999993  9.17321e-07  2.56513e-09 -9.17336e-07           -1
  0.565602 -0.0111725   0.652093   -0.0156397    0.0143951 -0.000131557 -4.40273e-05  1.25536e-06    -0.077522      0.99999  -0.00445308  -3.1972e-08  -0.00445308     -0.99999   1.3308e-06 -3.78979e-08 -1.33064e-06           -1
  0.565418 -0.0110034   0.652092   -0.0174025    0.0160118 -0.000152262 -5.72636e-05  3.27267e-06   -0.0862373     0.999986  -0.00536327   9.2579e-08  -0.00536327    -0.999986  1.86682e-06  8.25654e-08 -1.86729e-06           -1
  0.565216 -0.0108172    0.65209   -0.0191787     0.017639 -0.000172121 -7.26648e-05  3.91654e-06   -0.0950122      0.99998  -0.00636608 -1.87947e-08  -0.00636608     -0.99998  2.54865e-06 -3.50192e-08 -2.54848e-06           -1
  0.564995 -0.0106137   0.652088   -0.0209629    0.0192724 -0.000194689 -9.02607e-05  5.20275e-06    -0.103823     0.999972  -0.00746187  1.75669e-08  -0.00746187    -0.999972  3.39464e-06 -7.76395e-09 -3.39467e-06           -1
  0.564755 -0.0103929   0.652086   -0.0227517    0.0209083 -0.000217028 -0.000110111  3.82376e-06     -0.11265     0.999963  -0.00865082 -3.37828e-08  -0.00865082    -0.999963  4.42855e-06  -7.2092e-08 -4.42809e-06           -1
  0.564496 -0.0101548   0.652084   -0.0245418    0.0225438 -0.000241335 -0.000132231  3.70694e-06    -0.121477     0.999951  -0.00993292  7.10728e-08  -0.00993292    -0.999951  5.66965e-06  1.47531e-08 -5.67008e-06           -1
   0.564218 -0.00989951    0.652081   -0.0263305    0.0241765 -0.000267553 -0.000156667  4.47157e-06    -0.130293     0.999936   -0.0113081  1.23232e-07   -0.0113081    -0.999936  7.14263e-06   4.2455e-08 -7.14356e-06           -1
 0.563921 -0.009627  0.652078   -0.0281161    0.0258046 -0.000293858 -0.000183442  4.25574e-06    -0.139086     0.999918    -0.012776  6.91169e-08    -0.012776    -0.999918  8.87123e-06 -4.42273e-08 -8.87139e-06           -1
   0.563605 -0.00933737    0.652075   -0.0298964    0.0274264   -0.0003204 -0.000212493 -1.49163e-07    -0.147849    0.999897  -0.0143363 1.49675e-07  -0.0143363   -0.999897  1.0874e-05 -6.2339e-09 -1.0875e-05          -1
   0.563271 -0.00903069    0.652071   -0.0316705    0.0290408 -0.000350017 -0.000243892  1.36552e-06    -0.156575     0.999872   -0.0159888  1.87102e-07   -0.0159888    -0.999872  1.31764e-05 -2.35961e-08 -1.31777e-05           -1
   0.562918 -0.00870705    0.652068   -0.0334372    0.0306466 -0.000379708 -0.000277571  1.33661e-06    -0.165258     0.999843   -0.0177328  3.18158e-07   -0.0177328    -0.999843   1.5798e-05  3.79668e-08 -1.58011e-05           -1
   0.562547 -0.00836654    0.652063   -0.0351953    0.0322432 -0.000411894 -0.000313565  3.63848e-06    -0.173893     0.999809   -0.0195678  4.00579e-07   -0.0195678    -0.999809  1.87641e-05  3.33305e-08 -1.87683e-05           -1
   0.562157 -0.00800927    0.652059   -0.0369442    0.0338298 -0.000444208 -0.000351853   4.2761e-06    -0.182478     0.999769   -0.0214935  3.75308e-07   -0.0214935    -0.999769   2.2099e-05 -9.97627e-08  -2.2102e-05           -1
   0.561749 -0.00763536    0.652054   -0.0386831    0.0354058 -0.000477062 -0.000392293  1.30466e-06     -0.19101    0.999724   -0.023509 6.33233e-07   -0.023509   -0.999724 2.58133e-05 2.62133e-08 -2.5821e-05          -1
  0.561323 -0.0072449   0.652049   -0.0404118     0.036971 -0.000510355 -0.000434974 -5.94511e-07    -0.199486     0.999672   -0.0256139   8.2361e-07   -0.0256139    -0.999672  2.99384e-05  5.65009e-08 -2.99497e-05           -1
   0.560878 -0.00683804    0.652044   -0.0421297    0.0385248 -0.000546392 -0.000479922  7.10763e-07    -0.207904     0.999613   -0.0278075  9.33064e-07   -0.0278075    -0.999613  3.44971e-05 -2.65766e-08 -3.45098e-05           -1
   0.560416 -0.00641488    0.652038   -0.0438366    0.0400671 -0.000581941 -0.000526997 -2.05922e-07    -0.216262     0.999547   -0.0300891   1.1691e-06   -0.0300891    -0.999547  3.95033e-05 -2.00488e-08 -3.95206e-05           -1
   0.559935 -0.00597555    0.652032   -0.0455319    0.0415976 -0.000617809 -0.000576199 -4.16686e-06    -0.224561     0.999473   -0.0324582   1.3617e-06   -0.0324582    -0.999473  4.49842e-05 -9.91214e-08 -4.50047e-05           -1
   0.559437 -0.00552018    0.652026   -0.0472159    0.0431162 -0.000655651  -0.00062752  -2.6106e-06    -0.232797      0.99939   -0.0349139  1.80827e-06   -0.0349139     -0.99939  5.09472e-05  2.84038e-08 -5.09793e-05           -1
   0.558921 -0.00504889    0.652019   -0.0488879    0.0446226 -0.000693455 -0.000680963 -3.94289e-06    -0.240972     0.999298   -0.0374556  2.07528e-06   -0.0374556    -0.999298  5.74327e-05 -7.73488e-08 -5.74701e-05           -1
   0.558388 -0.00456182    0.652011   -0.0505478    0.0461168  -0.00073312 -0.000736478 -4.68142e-06    -0.249083     0.999196   -0.0400826  2.43473e-06   -0.0400826    -0.999196  6.44483e-05 -1.50483e-07 -6.44941e-05           -1
   0.557838 -0.00405909    0.652004   -0.0521954    0.0475987  -0.00077322 -0.000793992 -6.27104e-06    -0.257131     0.999084   -0.0427942  2.90954e-06   -0.0427942    -0.999084   7.2012e-05 -1.74823e-07 -7.20705e-05           -1
    0.55727 -0.00354083    0.651996   -0.0538306    0.0490681 -0.000812002 -0.000853453  -1.2663e-05    -0.265115      0.99896   -0.0455897  3.39651e-06   -0.0455897     -0.99896  8.01491e-05 -2.60993e-07 -8.02206e-05           -1
   0.556685 -0.00300718    0.651987   -0.0554538    0.0505252 -0.000853933    -0.000915 -1.11562e-05    -0.273035     0.998825   -0.0484683  4.02146e-06   -0.0484683    -0.998825  8.88713e-05 -2.90713e-07 -8.89618e-05           -1
   0.556083 -0.00245826    0.651979   -0.0570642    0.0519697 -0.000894364 -0.000978375 -1.54084e-05    -0.280891     0.998677   -0.0514293  4.78584e-06   -0.0514293    -0.998677  9.81966e-05 -2.70684e-07 -9.83128e-05           -1
   0.555464 -0.00189421    0.651969   -0.0586621    0.0534016 -0.000936205  -0.00104379 -1.77389e-05    -0.288682     0.998515    -0.054472  5.44805e-06    -0.054472    -0.998515  0.000108161 -4.51781e-07 -0.000108297           -1
   0.554828 -0.00131516     0.65196   -0.0602475     0.054821 -0.000978907   -0.0011111  -1.7579e-05    -0.296408      0.99834   -0.0575956  6.35387e-06   -0.0575956     -0.99834  0.000118758 -4.96623e-07 -0.000118927           -1
    0.554176 -0.000721245      0.65195   -0.0618197    0.0562279  -0.00102094  -0.00118018 -2.39676e-05    -0.304069      0.99815   -0.0607993  7.24739e-06   -0.0607993     -0.99815  0.000130025 -6.71475e-07 -0.000130226           -1
    0.553508 -0.000112594     0.651939   -0.0633795    0.0576221  -0.00106577  -0.00125124 -2.22653e-05    -0.311666     0.997945   -0.0640823  8.35206e-06   -0.0640823    -0.997945  0.000141963 -7.62421e-07 -0.000142206           -1
   0.552823 0.000510658    0.651928   -0.0649261    0.0590037  -0.00110831  -0.00132395 -2.87982e-05    -0.319197    0.997723   -0.067444 9.52394e-06   -0.067444   -0.997723   0.0001546 -9.2457e-07 -0.00015489          -1
  0.552122 0.00114838   0.651917   -0.0664601    0.0603727  -0.00115296  -0.00139859 -2.88351e-05    -0.326663     0.997485   -0.0708836  1.08606e-05   -0.0708836    -0.997485  0.000167945 -1.07128e-06 -0.000168292           -1
  0.551405 0.00180043   0.651905    -0.067981    0.0617291  -0.00119701  -0.00147496 -3.18261e-05    -0.334064     0.997228   -0.0744001  1.22148e-05   -0.0744001    -0.997228  0.000182029 -1.36206e-06 -0.000182433           -1
  0.550672 0.00246669   0.651893   -0.0694886    0.0630728  -0.00124037  -0.00155283 -3.98839e-05    -0.341399     0.996954    -0.077993  1.39141e-05    -0.077993    -0.996954  0.000196837 -1.48012e-06 -0.000197322           -1
  0.549924 0.00314702    0.65188   -0.0709834     0.064404  -0.00128502  -0.00163261 -4.31959e-05     -0.34867      0.99666   -0.0816612  1.55673e-05   -0.0816612     -0.99666  0.000212424 -1.83155e-06 -0.000212986           -1
  0.549159 0.00384129   0.651867   -0.0724652    0.0657224  -0.00133071  -0.00171409 -4.41497e-05    -0.355875     0.996346   -0.0854042  1.75017e-05   -0.0854042    -0.996346  0.000228773 -2.10041e-06 -0.000229432           -1
   0.54838 0.00454935   0.651853   -0.0739337    0.0670283  -0.00137498  -0.00179707 -4.96848e-05    -0.363015     0.996012    -0.089221  1.95635e-05    -0.089221    -0.996012  0.000245915 -2.45537e-06  -0.00024668           -1
  0.547585 0.00527109   0.651839   -0.0753891    0.0683215  -0.00142149  -0.00188187 -5.02241e-05     -0.37009     0.995656   -0.0931108   2.1721e-05   -0.0931108    -0.995656  0.000263872 -2.94266e-06 -0.000264748           -1
  0.546774 0.00600637   0.651825   -0.0768311    0.0696021  -0.00146539  -0.00196795 -5.76218e-05    -0.377099     0.995277   -0.0970728  2.41792e-05   -0.0970728    -0.995277  0.000282632 -3.37077e-06 -0.000283644           -1
  0.545949 0.00675505    0.65181   -0.0782598    0.0708702  -0.00151239  -0.00205576 -5.99401e-05    -0.384044     0.994876    -0.101106  2.67845e-05    -0.101106    -0.994876  0.000302229 -3.90992e-06 -0.000303388           -1
0.545109 0.007517 0.651795   -0.0796754    0.0721255  -0.00155674  -0.00214483 -6.69747e-05    -0.390923      0.99445     -0.10521  2.97413e-05     -0.10521     -0.99445   0.00032265 -4.36977e-06 -0.000323988           -1
  0.544254 0.00829209   0.651779   -0.0810776    0.0733683  -0.00160211  -0.00223554 -7.10403e-05    -0.397737        0.994    -0.109384  3.27816e-05    -0.109384       -0.994  0.000343946 -5.03713e-06 -0.000345468           -1
  0.543384 0.00908019   0.651763   -0.0824663    0.0745985  -0.00164759  -0.00232756 -7.75631e-05    -0.404486     0.993524    -0.113626  3.61133e-05    -0.113626    -0.993524  0.000366101 -5.71921e-06 -0.000367834           -1
    0.5425 0.00988116   0.651746  -0.0838418   0.0758161 -0.00169248 -0.00242095 -8.4024e-05   -0.411169     0.993021    -0.117936  3.97005e-05    -0.117936    -0.993021  0.000389134 -6.46965e-06   -0.0003911           -1
 0.541601 0.0106949  0.651729   -0.0852039    0.0770211  -0.00173776  -0.00251574 -8.81542e-05    -0.417788     0.992491    -0.122314  4.36322e-05    -0.122314    -0.992491  0.000413042 -7.21623e-06 -0.000415277           -1
 0.540689 0.0115212  0.651711   -0.0865525    0.0782136  -0.00178285  -0.00261183 -9.47153e-05    -0.424341     0.991934    -0.126758  4.76592e-05    -0.126758    -0.991934   0.00043788 -8.22988e-06 -0.000440389           -1
0.539762  0.01236 0.651693  -0.0878875   0.0793934 -0.00182762 -0.00270903 -0.00010179    -0.43083     0.991347    -0.131267  5.22149e-05    -0.131267    -0.991347  0.000463584 -9.09012e-06 -0.000466427           -1
 0.538821 0.0132111  0.651675   -0.0892091    0.0805607  -0.00187313  -0.00280766 -0.000106953    -0.437252     0.990731     -0.13584  5.68077e-05     -0.13584    -0.990731  0.000490255 -1.03151e-05 -0.000493427           -1
 0.537867 0.0140745  0.651656   -0.0905172    0.0817154  -0.00191792  -0.00290734 -0.000112886    -0.443611     0.990084    -0.140477  6.18992e-05    -0.140477    -0.990084  0.000517818 -1.14562e-05 -0.000521379           -1
 0.536899 0.0149499  0.651636  -0.0918117   0.0828576  -0.0019638 -0.00300819 -0.00011746   -0.449903     0.989406    -0.145177  6.73488e-05    -0.145177    -0.989406   0.00054631 -1.26762e-05 -0.000550299           -1
 0.535917 0.0158373  0.651617   -0.0930927    0.0839873  -0.00200848  -0.00311013 -0.000123206    -0.456131     0.988695    -0.149938  7.30163e-05    -0.149938    -0.988695  0.000575767 -1.41385e-05 -0.000580207           -1
 0.534922 0.0167365  0.651596     -0.09436    0.0851044  -0.00205135  -0.00321291 -0.000132907    -0.462294     0.987952     -0.15476  7.90245e-05     -0.15476    -0.987952  0.000606179 -1.57397e-05 -0.000611105           -1
 0.533914 0.0176473  0.651576  -0.0956137   0.0862089 -0.00209688 -0.00331686 -0.00013701   -0.468391     0.987175    -0.159642  8.55892e-05    -0.159642    -0.987175  0.000637504 -1.72808e-05 -0.000642992           -1
 0.532893 0.0185697  0.651555   -0.0968537     0.087301  -0.00214004  -0.00342157 -0.000145555    -0.474423     0.986363    -0.164583  9.23503e-05    -0.164583    -0.986363  0.000669831 -1.91515e-05 -0.000675896           -1
 0.531858 0.0195036  0.651533  -0.0980802   0.0883805 -0.00218389  -0.0035273  -0.0001518   -0.480391     0.985516    -0.169581  9.95519e-05    -0.169581    -0.985516  0.000703114 -2.11249e-05 -0.000709812           -1
 0.530811 0.0204487  0.651511   -0.0992928    0.0894475   -0.0022269   -0.0036336 -0.000160481    -0.486293     0.984633    -0.174637  0.000107298    -0.174637    -0.984633  0.000737335 -2.31168e-05 -0.000744742           -1
0.529752 0.021405 0.651489    -0.100492    0.0905021  -0.00227098  -0.00374096 -0.000165316     -0.49213     0.983713    -0.179748  0.000115373    -0.179748    -0.983712  0.000772551 -2.53714e-05 -0.000780707           -1
  0.52868 0.0223723  0.651466    -0.101677    0.0915441  -0.00231332  -0.00384861 -0.000175557    -0.497903     0.982755    -0.184915  0.000124016    -0.184915    -0.982754   0.00080871 -2.76653e-05 -0.000817696           -1
 0.527595 0.0233505  0.651443    -0.102849    0.0925737  -0.00235624  -0.00395746 -0.000180237     -0.50361     0.981758    -0.190136   0.00013289    -0.190136    -0.981757  0.000845906 -3.03713e-05 -0.000855742           -1
 0.526499 0.0243394  0.651419    -0.104006    0.0935908  -0.00239866  -0.00406647 -0.000188816    -0.509252     0.980722    -0.195409  0.000142476    -0.195409    -0.980721  0.000884015 -3.30158e-05 -0.000894814           -1
 0.52539 0.025339 0.651395     -0.10515    0.0945955  -0.00244058  -0.00417618 -0.000197063    -0.514828     0.979646    -0.200735  0.000152333    -0.200735    -0.979645  0.000923162  -3.6078e-05 -0.000934951           -1
  0.52427 0.0263491  0.651371    -0.106281    0.0955877   -0.0024828  -0.00428638 -0.000202885    -0.520339     0.978529    -0.206111  0.000162949    -0.206111    -0.978528  0.000963216 -3.90796e-05  -0.00097612           -1
 0.523137 0.0273695  0.651346    -0.107397    0.0965675  -0.00252437  -0.00439691 -0.000211607    -0.525786      0.97737    -0.211538  0.000173888    -0.211538    -0.977369    0.0010043 -4.24948e-05  -0.00101836    -0.999999
 0.521993 0.0284002   0.65132      -0.1085    0.0975349   -0.0025654   -0.0045079 -0.000218752    -0.531168     0.976169    -0.217013  0.000185412    -0.217013    -0.976168   0.00104635 -4.60784e-05  -0.00106165    -0.999999
 0.520838 0.0294409  0.651295    -0.109588    0.0984898  -0.00260613   -0.0046191 -0.000227184    -0.536483     0.974924    -0.222536  0.000197435    -0.222536    -0.974924   0.00108938 -4.99431e-05    -0.001106    -0.999999
 0.519671 0.0304917  0.651269    -0.110663    0.0994323  -0.00264649  -0.00473061 -0.000234694    -0.541735     0.973636    -0.228106  0.000210023    -0.228106    -0.973636   0.00113339 -5.40469e-05  -0.00115141    -0.999999
 0.518493 0.0315523  0.651242    -0.111724     0.100362  -0.00268676  -0.00484228 -0.000242116    -0.546921     0.972303    -0.233722  0.000223209    -0.233722    -0.972303   0.00117835 -5.83792e-05  -0.00119788    -0.999999
 0.517304 0.0326226  0.651215    -0.112771      0.10128  -0.00272656  -0.00495399 -0.000249775    -0.552041     0.970925    -0.239382  0.000237041    -0.239382    -0.970925   0.00122425 -6.29158e-05   -0.0012454    -0.999999
 0.516104 0.0337025  0.651188    -0.113805     0.102186  -0.00276572  -0.00506563 -0.000257585    -0.557096     0.969501    -0.245086  0.000251564    -0.245086      -0.9695   0.00127108 -6.76339e-05  -0.00129397    -0.999999
 0.514894 0.0347918   0.65116    -0.114824     0.103079  -0.00280551  -0.00517753 -0.000264323    -0.562087      0.96803    -0.250833  0.000266513    -0.250833     -0.96803   0.00131893 -7.28388e-05  -0.00134361    -0.999999
 0.513672 0.0358905  0.651132    -0.115829     0.103959  -0.00284453  -0.00528919 -0.000272439    -0.567012     0.966512    -0.256621  0.000282169    -0.256621    -0.966511   0.00136769 -7.82583e-05   -0.0013943    -0.999999
 0.512441 0.0369983  0.651104     -0.11682     0.104828  -0.00288231  -0.00540044 -0.000282387    -0.571871     0.964946    -0.262449   0.00029849    -0.262449    -0.964945   0.00141738 -8.39632e-05  -0.00144604    -0.999999
 0.511199 0.0381152  0.651075    -0.117798     0.105684  -0.00292074  -0.00551189 -0.000287878    -0.576665    0.963331   -0.268316 0.000315544   -0.268316    -0.96333  0.00146797 -8.9907e-05 -0.00149881   -0.999999
0.509946 0.039241 0.651046    -0.118762     0.106528  -0.00295815  -0.00562287 -0.000295742    -0.581395     0.961667    -0.274221  0.000333172    -0.274221    -0.961665   0.00151951 -9.62819e-05  -0.00155262    -0.999999
 0.508684 0.0403757  0.651016    -0.119711     0.107359  -0.00299616  -0.00573366 -0.000302104    -0.586058     0.959952    -0.280163  0.000351467    -0.280163    -0.959951   0.00157196 -0.000103015  -0.00160748    -0.999999
0.507412 0.041519 0.650987    -0.120647     0.108178  -0.00303325  -0.00584419 -0.000307743    -0.590656     0.958187    -0.286141  0.000370411    -0.286141    -0.958186   0.00162534 -0.000110153  -0.00166337    -0.999999
 0.506131 0.0426708  0.650956    -0.121569     0.108985  -0.00306973  -0.00595399 -0.000315306    -0.595188     0.956371    -0.292154  0.000390186    -0.292154     -0.95637   0.00167954 -0.000117522  -0.00172026    -0.999999
0.504839 0.043831 0.650926   -0.122477     0.10978 -0.00310675 -0.00606353 -0.00032007   -0.599656     0.954503    -0.298199   0.00041055      -0.2982    -0.954502   0.00173468 -0.000125409  -0.00177818    -0.999998
 0.503539 0.0449996  0.650895    -0.123371     0.110562  -0.00314321   -0.0061723 -0.000325695    -0.604057     0.952583    -0.304278  0.000431832    -0.304278    -0.952582   0.00179059 -0.000133481  -0.00183708    -0.999998
 0.502229 0.0461763  0.650863     -0.12425     0.111332  -0.00317783  -0.00628016 -0.000334369    -0.608393      0.95061    -0.310387  0.000453693    -0.310387    -0.950608   0.00184742 -0.000142131    -0.001897    -0.999998
0.500909 0.047361 0.650832   -0.125116     0.11209 -0.00321338 -0.00638729  -0.0003418   -0.612664     0.948584    -0.316526  0.000476444    -0.316526    -0.948582   0.00190503 -0.000151044  -0.00195788    -0.999998
 0.499581 0.0485536    0.6508    -0.125968     0.112836  -0.00324843   -0.0064941 -0.000346626    -0.616868     0.946503    -0.322694  0.000499757    -0.322694    -0.946501   0.00196354 -0.000160602  -0.00201976    -0.999998
 0.498244 0.0497539  0.650767    -0.126806      0.11357  -0.00328234  -0.00659967 -0.000353524    -0.621007     0.944368     -0.32889  0.000523993     -0.32889    -0.944366   0.00202278 -0.000170432  -0.00208259    -0.999998
 0.496899 0.0509619  0.650735   -0.127629    0.114291 -0.00331782 -0.00670489 -0.00035639    -0.62508    0.942178   -0.335111 0.000548903   -0.335112   -0.942176  0.00208287 -0.00018083 -0.00214638   -0.999998
 0.495545 0.0521774  0.650701    -0.128439        0.115  -0.00335014  -0.00680832 -0.000364543    -0.629088     0.939933    -0.341358  0.000574747    -0.341359    -0.939931   0.00214365 -0.000191531  -0.00221108    -0.999998
 0.494182 0.0534003  0.650668    -0.129235     0.115697   -0.0033853  -0.00691174 -0.000365098     -0.63303     0.937632    -0.347629  0.000601301     -0.34763    -0.937629   0.00220523 -0.000202804  -0.00227672    -0.999997
 0.492811 0.0546305  0.650634    -0.130017     0.116382  -0.00341836  -0.00701361 -0.000369722    -0.636905     0.935274    -0.353923   0.00062861    -0.353923    -0.935272   0.00226757 -0.000214624  -0.00234328    -0.999997
 0.491432 0.0558677    0.6506    -0.130785     0.117055   -0.0034511  -0.00711418 -0.000374234    -0.640716      0.93286    -0.360238  0.000656791    -0.360238    -0.932857    0.0023306 -0.000226877  -0.00241072    -0.999997
0.490045 0.057112 0.650566    -0.131538     0.117716  -0.00348364  -0.00721352 -0.000379844    -0.644459    0.930389   -0.366573 0.000685778   -0.366574   -0.930386  0.00239433 -0.00023966 -0.00247905   -0.999997
 0.488651 0.0583631  0.650531    -0.132278     0.118365  -0.00351539  -0.00731172 -0.000383495    -0.648137     0.92786   -0.372927 0.000715606   -0.372928   -0.927857  0.00245874 -0.00025295 -0.00254823   -0.999997
0.487249 0.059621 0.650496   -0.133004    0.119001 -0.00354733 -0.00740853 -0.00038648   -0.651749     0.925274    -0.379299  0.000746398      -0.3793     -0.92527   0.00252372 -0.000266625  -0.00261824    -0.999997
 0.485839 0.0608855  0.650461    -0.133715     0.119626  -0.00357901  -0.00750418 -0.000389342    -0.655295     0.922629    -0.385688  0.000777787    -0.385689    -0.922625   0.00258947 -0.000281123  -0.00268911    -0.999996
 0.484422 0.0621565  0.650425   -0.134413    0.120239 -0.00361012  -0.0075983 -0.00039222   -0.658774     0.919926    -0.392092  0.000810154    -0.392093    -0.919922   0.00265577 -0.000296028  -0.00276077    -0.999996
 0.482997 0.0634338   0.65039    -0.135096     0.120839  -0.00364135  -0.00769119 -0.000393258    -0.662189     0.917164     -0.39851  0.000843307    -0.398511     -0.91716   0.00272269 -0.000311575  -0.00283322    -0.999996
 0.481566 0.0647174  0.650353    -0.135766     0.121428  -0.00367077  -0.00778226 -0.000395976    -0.665534     0.914342    -0.404941  0.000877338    -0.404942    -0.914338   0.00279018 -0.000327674  -0.00290645    -0.999996
0.480127 0.066007 0.650317    -0.136422     0.122004  -0.00370161  -0.00787228 -0.000395195    -0.668817    0.911462   -0.411383  0.00091217   -0.411384   -0.911458  0.00285824 -0.00034443 -0.00298043   -0.999995
 0.478682 0.0673027   0.65028    -0.137063     0.122569  -0.00373173  -0.00796037 -0.000396796     -0.67203     0.908522    -0.417836  0.000947777    -0.417837    -0.908517   0.00292689 -0.000361888  -0.00305516    -0.999995
  0.47723 0.0686042  0.650243    -0.137691     0.123122   -0.0037609  -0.00804662 -0.000398907    -0.675178     0.905522    -0.424298  0.000984318    -0.424299    -0.905517   0.00299599 -0.000379875  -0.00313058    -0.999995
 0.475772 0.0699114  0.650206    -0.138305     0.123662  -0.00379027  -0.00813157 -0.000396802    -0.678261     0.902463    -0.430767   0.00102178    -0.430768    -0.902457   0.00306554 -0.000398424  -0.00320668    -0.999995
 0.474307 0.0712242  0.650168    -0.138904     0.124191  -0.00381875  -0.00821468 -0.000396154    -0.681276     0.899343    -0.437243   0.00106002    -0.437244    -0.899337   0.00313559 -0.000417702  -0.00328346    -0.999995
 0.472837 0.0725425   0.65013     -0.13949     0.124708   -0.0038468  -0.00829553 -0.000397472    -0.684225    0.896163   -0.443724  0.00109911   -0.443725   -0.896157  0.00320608 -0.00043764 -0.00336088   -0.999994
  0.47136 0.0738662  0.650092    -0.140061     0.125213  -0.00387568  -0.00837535 -0.000393925    -0.687106    0.892922    -0.45021  0.00113905   -0.450211   -0.892916    0.003277 -0.00045826 -0.00343892   -0.999994
0.469877 0.075195 0.650053    -0.140619     0.125706  -0.00390209  -0.00845274 -0.000393871    -0.689922     0.889621    -0.456698   0.00117982    -0.456699    -0.889615   0.00334832 -0.000479583  -0.00351756    -0.999994
0.468389 0.076529 0.650015    -0.141163     0.126188   -0.0039293   -0.0085283 -0.000391995    -0.692671      0.88626    -0.463187   0.00122148    -0.463188    -0.886253   0.00341997 -0.000501545  -0.00359676    -0.999993
 0.466895 0.0778679  0.649976    -0.141692     0.126657  -0.00395685  -0.00860258 -0.000387001    -0.695353     0.882838    -0.469677   0.00126397    -0.469678    -0.882831   0.00349198 -0.000524226  -0.00367651    -0.999993
 0.465395 0.0792117  0.649936    -0.142208     0.127115   -0.0039829  -0.00867431 -0.000384128    -0.697968     0.879355    -0.476165   0.00130726    -0.476167    -0.879348   0.00356434 -0.000547681  -0.00375679    -0.999993
 0.463891 0.0805602  0.649897    -0.14271    0.127561 -0.00400917  -0.0087441 -0.00038141   -0.700517     0.875811    -0.482652   0.00135134    -0.482653    -0.875804   0.00363703 -0.000571904  -0.00383758    -0.999992
 0.462381 0.0819133  0.649857    -0.143198     0.127994  -0.00403507   -0.0088117 -0.000377697    -0.702998     0.872207    -0.489134   0.00139642    -0.489136      -0.8722   0.00370985 -0.000596657   -0.0039188    -0.999992
 0.460866 0.0832708  0.649817   -0.143671    0.128417 -0.00406073 -0.00887765 -0.00037242   -0.705413     0.868543    -0.495612   0.00144215    -0.495614    -0.868535   0.00378307 -0.000622373  -0.00400051    -0.999992
 0.459346 0.0846327  0.649777    -0.144131     0.128827  -0.00408633  -0.00894206 -0.000364828     -0.70776     0.864817    -0.502084    0.0014887    -0.502086    -0.864809    0.0038565 -0.000648847  -0.00408263    -0.999991
 0.457821 0.0859988  0.649736    -0.144577     0.129226  -0.00411071  -0.00900317 -0.000360634     -0.71004     0.861032    -0.508549   0.00153621    -0.508551    -0.861023   0.00393002 -0.000675895  -0.00416511    -0.999991
 0.456292 0.0873691  0.649695    -0.145009     0.129613  -0.00413387  -0.00906245 -0.000355819    -0.712255     0.857186    -0.515005   0.00158438    -0.515007    -0.857177   0.00400383 -0.000703899  -0.00424799    -0.999991
 0.454759 0.0887432  0.649654    -0.145427     0.129988  -0.00415776  -0.00911975 -0.000349742      -0.7144     0.85328   -0.521451  0.00163343   -0.521453    -0.85327   0.0040777 -0.00073256 -0.00433118    -0.99999
 0.453221 0.0901213  0.649613   -0.145832    0.130351 -0.00418267 -0.00917578 -0.00033761    -0.71648    0.849313   -0.527886  0.00168325   -0.527888   -0.849304  0.00415173 -0.00076205 -0.00441469    -0.99999
0.451679 0.091503 0.649572    -0.146222     0.130703  -0.00420488  -0.00922888 -0.000330657    -0.718491     0.845287    -0.534309   0.00173373    -0.534311    -0.845277   0.00422596 -0.000792486  -0.00449851     -0.99999
 0.450133 0.0928884   0.64953    -0.146599     0.131043  -0.00422776  -0.00927946 -0.000323362    -0.720437     0.841202    -0.540719    0.0017851    -0.540721    -0.841191   0.00430016 -0.000823571  -0.00458255    -0.999989
 0.448584 0.0942772  0.649488    -0.146961     0.131371  -0.00424956  -0.00932819 -0.000315332    -0.722313     0.837056    -0.547113   0.00183713    -0.547116    -0.837045   0.00437451 -0.000855592  -0.00466684    -0.999989
  0.44703 0.0956694  0.649446     -0.14731     0.131687  -0.00427133  -0.00937458 -0.000305828    -0.724123     0.832852    -0.553492   0.00188996    -0.553495    -0.832841   0.00444885 -0.000888372  -0.00475132    -0.999988
 0.445473 0.0970648  0.649403    -0.147645     0.131992  -0.00429261  -0.00941888 -0.000295538    -0.725868     0.828589    -0.559854    0.0019435    -0.559857    -0.828577    0.0045232 -0.000921994  -0.00483596    -0.999988
 0.443913 0.0984633  0.649361   -0.147966    0.132286 -0.00431339 -0.00946064 -0.00028609   -0.727541     0.824267    -0.566198   0.00199787      -0.5662    -0.824255   0.00459745 -0.000956308  -0.00492072    -0.999987
 0.442349 0.0998648  0.649318    -0.148273     0.132567  -0.00433506  -0.00950082 -0.000272342    -0.729151     0.819887    -0.572522   0.00205289    -0.572525    -0.819874   0.00467171 -0.000991543  -0.00500561    -0.999987
0.440783 0.101269 0.649275    -0.148567     0.132837  -0.00435469  -0.00953859 -0.000260098    -0.730691    0.815449   -0.578825  0.00210856   -0.578828   -0.815436  0.00474597 -0.00102769 -0.00509059   -0.999987
0.439213 0.102676 0.649232    -0.148846     0.133095  -0.00437419  -0.00957362 -0.000248817    -0.732165    0.810953   -0.585107  0.00216491    -0.58511    -0.81094  0.00482015 -0.00106469 -0.00517563   -0.999986
 0.43764 0.104086 0.649189    -0.149112     0.133341  -0.00439282  -0.00960627 -0.000237929     -0.73357    0.806401   -0.591366  0.00222193   -0.591369   -0.806386  0.00489422 -0.00110254 -0.00526069   -0.999986
0.436065 0.105498 0.649145    -0.149364     0.133576  -0.00441152   -0.0096367 -0.000225092    -0.734908    0.801791     -0.5976  0.00227971   -0.597603   -0.801777  0.00496807  -0.0011411 -0.00534571   -0.999985
0.434488 0.106913 0.649102    -0.149603       0.1338   -0.0044296  -0.00966523 -0.000211609    -0.736178    0.797125   -0.603809  0.00233802   -0.603813    -0.79711  0.00504188 -0.00118067 -0.00543074   -0.999985
0.432907 0.108329 0.649058    -0.149827     0.134011  -0.00444805  -0.00969143 -0.000196864    -0.737381    0.792404   -0.609992  0.00239702   -0.609996   -0.792388  0.00511544 -0.00122101 -0.00551567   -0.999984
0.431325 0.109748 0.649014    -0.150038     0.134211   -0.0044644  -0.00971491 -0.000183821    -0.738516    0.787627   -0.616148  0.00245657   -0.616151   -0.787611  0.00518891 -0.00126232 -0.00560054   -0.999984
0.429741 0.111169 0.648969    -0.150235       0.1344  -0.00448085  -0.00973634 -0.000169691    -0.739583    0.782795   -0.622274  0.00251678   -0.622278   -0.782779  0.00526208 -0.00130438 -0.00568527   -0.999983
0.428154 0.112592 0.648925    -0.150418     0.134576  -0.00449772  -0.00975582 -0.000153371    -0.740584    0.777909   -0.628371  0.00257753   -0.628375   -0.777892  0.00533507 -0.00134736 -0.00576986   -0.999982
0.426566 0.114016 0.648881    -0.150588     0.134742  -0.00451297  -0.00977249 -0.000138947    -0.741516    0.772969   -0.634438  0.00263889   -0.634442   -0.772952  0.00540776 -0.00139115 -0.00585425   -0.999982
0.424976 0.115442 0.648836    -0.150744     0.134895  -0.00452884  -0.00978812 -0.000119602    -0.742381    0.767977   -0.640472   0.0027007   -0.640476   -0.767958  0.00548031 -0.00143596 -0.00593848   -0.999981
0.423385  0.11687 0.648791    -0.150886     0.135037  -0.00454222  -0.00980014 -0.000105277    -0.743176    0.762931   -0.646474  0.00276311   -0.646478   -0.762912  0.00555246 -0.00148151 -0.00602243   -0.999981
0.421792 0.118299 0.648746    -0.151015     0.135167  -0.00455606  -0.00981018 -8.96803e-05    -0.743907    0.757834   -0.652441  0.00282599   -0.652446   -0.757815  0.00562437 -0.00152799 -0.00610614    -0.99998
0.420198 0.119729 0.648701     -0.15113     0.135286  -0.00457064  -0.00981871 -6.99579e-05    -0.744569    0.752685   -0.658374  0.00288944   -0.658379   -0.752665  0.00569587 -0.00157524 -0.00618954    -0.99998
0.418603  0.12116 0.648656    -0.151232     0.135393  -0.00458275  -0.00982439 -5.26034e-05    -0.745161    0.747486   -0.664271   0.0029533   -0.664276   -0.747466   0.0057671 -0.00162343 -0.00627263   -0.999979
0.417008 0.122593  0.64861    -0.151319     0.135488  -0.00459649  -0.00982851 -3.27163e-05    -0.745688    0.742237   -0.670131   0.0030176   -0.670135   -0.742216    0.005838 -0.00167251 -0.00635538   -0.999978
0.415411 0.124026 0.648565    -0.151394     0.135572  -0.00460802  -0.00983003 -1.42888e-05    -0.746147    0.736939   -0.675953  0.00308239   -0.675958   -0.736917  0.00590847 -0.00172238 -0.00643775   -0.999978
0.413813  0.12546 0.648519   -0.151454    0.135644 -0.00461946 -0.00982895 3.74393e-06   -0.746537    0.731592   -0.681736  0.00314754   -0.681741    -0.73157  0.00597864 -0.00177321 -0.00651973   -0.999977
0.412215 0.126895 0.648474   -0.151501    0.135705 -0.00463029 -0.00982647 2.40304e-05   -0.746858    0.726197   -0.687479  0.00321312   -0.687484   -0.726174  0.00604836 -0.00182483 -0.00660127   -0.999977
0.410617  0.12833 0.648428   -0.151535    0.135754 -0.00464006 -0.00982183 4.40642e-05   -0.747114    0.720756   -0.693181  0.00327906   -0.693187   -0.720732  0.00611771 -0.00187736 -0.00668237   -0.999976
0.409019 0.129765 0.648382   -0.151554    0.135791 -0.00464955 -0.00981449 6.38805e-05   -0.747301    0.715268   -0.698842  0.00334544   -0.698847   -0.715244   0.0061865 -0.00193058 -0.00676296   -0.999975
 0.40742 0.131201 0.648336   -0.151561    0.135817 -0.00465826 -0.00980521 8.44074e-05   -0.747422    0.709735    -0.70446  0.00341216   -0.704466    -0.70971  0.00625485 -0.00198465 -0.00684304   -0.999975
0.405822 0.132637  0.64829   -0.151553    0.135831 -0.00466579 -0.00979312 0.000101297   -0.747472    0.704158   -0.710035  0.00347907   -0.710041   -0.704132  0.00632297 -0.00203981 -0.00692265   -0.999974
0.404223 0.134073 0.648244   -0.151533    0.135833  -0.0046759 -0.00978194 0.000130078   -0.747455    0.698536   -0.715566   0.0035464   -0.715571    -0.69851  0.00639041 -0.00209556 -0.00700164   -0.999973
0.402625 0.135509 0.648198   -0.151499    0.135824 -0.00468105 -0.00976504 0.000145837    -0.74737    0.692873   -0.721051    0.003614   -0.721057   -0.692846  0.00645742 -0.00215218 -0.00708007   -0.999973
0.401028 0.136944 0.648151   -0.151451    0.135803  -0.0046877 -0.00974752  0.00016795    -0.74722    0.687167   -0.726491   0.0036819   -0.726497   -0.687139  0.00652383 -0.00220952 -0.00715785   -0.999972
0.399431  0.13838 0.648105    -0.15139    0.135771 -0.00469406 -0.00972918 0.000192574   -0.747001     0.68142   -0.731883  0.00374994   -0.731889   -0.681392  0.00658996 -0.00226791 -0.00723507   -0.999971
0.397835 0.139814 0.648059   -0.151315    0.135726 -0.00470044 -0.00970813 0.000215132   -0.746712    0.675633   -0.737229   0.0038183   -0.737235   -0.675604  0.00665539 -0.00232688 -0.00731158   -0.999971
 0.39624 0.141249 0.648012   -0.151227    0.135671 -0.00470367 -0.00968427 0.000234809   -0.746357    0.669806   -0.742526  0.00388684   -0.742532   -0.669777  0.00672036 -0.00238673 -0.00738744    -0.99997
0.394645 0.142682 0.647966   -0.151125    0.135603 -0.00470754 -0.00965839 0.000256028   -0.745935    0.663942   -0.747774  0.00395558    -0.74778   -0.663912  0.00678474 -0.00244729 -0.00746258   -0.999969
0.393053 0.144115 0.647919   -0.151011    0.135524 -0.00471205 -0.00963247  0.00028242   -0.745444     0.65804   -0.752972  0.00402446   -0.752978    -0.65801  0.00684864  -0.0025087 -0.00753701   -0.999968
0.391461 0.145546 0.647873   -0.150883    0.135433 -0.00471521  -0.0096046 0.000308151   -0.744887    0.652103    -0.75812  0.00409348   -0.758126   -0.652071  0.00691198 -0.00257086  -0.0076107   -0.999968
0.389871 0.146977 0.647826   -0.150741     0.13533 -0.00471556 -0.00957262 0.000326773   -0.744261    0.646129   -0.763216  0.00416263   -0.763223   -0.646097  0.00697482 -0.00263384 -0.00768365   -0.999967
0.388282 0.148406  0.64778   -0.150586    0.135216  -0.0047177 -0.00954051 0.000351726   -0.743567    0.640122   -0.768262  0.00423194   -0.768268   -0.640089  0.00703691 -0.00269737 -0.00775575   -0.999966
0.386696 0.149834 0.647733   -0.150417     0.13509  -0.0047185 -0.00950601 0.000374699   -0.742806    0.634082   -0.773254  0.00430126   -0.773261   -0.634048  0.00709863 -0.00276184 -0.00782711   -0.999966
0.385111 0.151261 0.647687   -0.150235    0.134952 -0.00471606 -0.00946868  0.00039385   -0.741976    0.628009   -0.778194  0.00437074   -0.778201   -0.627975  0.00715956 -0.00282681 -0.00789758   -0.999965
0.383528 0.152686  0.64764    -0.15004    0.134803 -0.00471607 -0.00943109 0.000419213   -0.741081    0.621905    -0.78308  0.00444027   -0.783087    -0.62187  0.00721985 -0.00289245 -0.00796718   -0.999964
0.381948 0.154109 0.647593   -0.149831    0.134641 -0.00471593 -0.00939252 0.000445231   -0.740116    0.615771   -0.787912  0.00450974   -0.787919   -0.615735  0.00727978 -0.00295902   -0.008036   -0.999963
0.380369  0.15553 0.647547   -0.149609    0.134468 -0.00471335 -0.00935068 0.000467794   -0.739086    0.609609   -0.792689  0.00457931   -0.792697   -0.609572  0.00733893 -0.00302608 -0.00810388   -0.999963
0.378794  0.15695   0.6475   -0.149374    0.134283 -0.00471246 -0.00931021  0.00049682   -0.737986    0.603418   -0.797411  0.00464878   -0.797419   -0.603381  0.00739766 -0.00309399 -0.00817091   -0.999962
 0.37722 0.158367 0.647454   -0.149125    0.134087 -0.00470613 -0.00926308 0.000512901    -0.73682    0.597201   -0.802078  0.00471828   -0.802086   -0.597163  0.00745566 -0.00316243 -0.00823699   -0.999961
 0.37565 0.159782 0.647407   -0.148864    0.133878 -0.00470315 -0.00921848 0.000541141   -0.735586    0.590958   -0.806688  0.00478778   -0.806696   -0.590919  0.00751293  -0.0032314 -0.00830211    -0.99996
0.374082 0.161195 0.647361   -0.148588    0.133658 -0.00469589 -0.00916904 0.000558602   -0.734284     0.58469   -0.811242   0.0048571    -0.81125   -0.584651  0.00756993 -0.00330134 -0.00836638    -0.99996
0.372518 0.162605 0.647315     -0.1483    0.133426 -0.00469156 -0.00912056  0.00058619   -0.732918      0.5784   -0.815739  0.00492646   -0.815747   -0.578359  0.00762591 -0.00337149 -0.00842957   -0.999959
0.370957 0.164013 0.647268   -0.147998    0.133182 -0.00468669 -0.00907108 0.000612451    -0.73148    0.572087   -0.820178  0.00499564   -0.820186   -0.572046  0.00768149 -0.00344246 -0.00849183   -0.999958
0.369398 0.165418 0.647222   -0.147683    0.132926 -0.00467932 -0.00901927 0.000635647   -0.729976    0.565753   -0.824559  0.00506476   -0.824567   -0.565711  0.00773628 -0.00351383 -0.00855306   -0.999957
0.367844  0.16682 0.647176   -0.147355    0.132658 -0.00467137 -0.00896601 0.000660018   -0.728408    0.559399   -0.828882  0.00513374   -0.828891   -0.559357  0.00779045 -0.00358578 -0.00861328   -0.999956
0.366293 0.168219  0.64713   -0.147013    0.132379 -0.00466223 -0.00891102 0.000682335   -0.726767    0.553027   -0.833147   0.0052025   -0.833155   -0.552983  0.00784434  -0.0036586 -0.00867262   -0.999956
0.364746 0.169615 0.647084   -0.146658    0.132087 -0.00465398 -0.00885513 0.000707128   -0.725062    0.546637   -0.837353  0.00527115   -0.837361   -0.546593  0.00789725 -0.00373162 -0.00873079   -0.999955
0.363202 0.171008 0.647038    -0.14629    0.131784 -0.00464386   -0.008798 0.000730278    -0.72329    0.540231     -0.8415   0.0053396   -0.841508   -0.540186   0.0079496 -0.00380521 -0.00878794   -0.999954
0.361663 0.172397 0.646992   -0.145909    0.131469 -0.00463192 -0.00873807 0.000750719    -0.72145     0.53381   -0.845587  0.00540787   -0.845596   -0.533764  0.00800127 -0.00387925 -0.00884402   -0.999953
0.360128 0.173783 0.646947   -0.145514    0.131141 -0.00462189 -0.00867947 0.000777431   -0.719544    0.527375   -0.849615  0.00547588   -0.849624   -0.527328  0.00805242 -0.00395387 -0.00889908   -0.999953
0.358597 0.175166 0.646901   -0.145107    0.130802 -0.00460925 -0.00861806 0.000799687    -0.71757    0.520927   -0.853583  0.00554373   -0.853592   -0.520879  0.00810268  -0.0040287 -0.00895298   -0.999952
 0.35707 0.176544 0.646856   -0.144685    0.130451 -0.00459787 -0.00855558 0.000823758    -0.71553    0.514468   -0.857491  0.00561128     -0.8575   -0.514419  0.00815244 -0.00410409 -0.00900584   -0.999951
0.355548 0.177919 0.646811   -0.144251    0.130088 -0.00458147 -0.00848974 0.000840436    -0.71342    0.507998   -0.861339  0.00567856   -0.861348   -0.507949  0.00820158 -0.00417992  -0.0090576    -0.99995
0.354031  0.17929 0.646765   -0.143804    0.129713 -0.00456793 -0.00842579 0.000863683   -0.711246     0.50152   -0.865127  0.00574554   -0.865136    -0.50147  0.00825022 -0.00425627 -0.00910832   -0.999949
0.352519 0.180657  0.64672   -0.143342    0.129326 -0.00455499 -0.00836074 0.000889647   -0.709006    0.495034   -0.868854  0.00581229   -0.868863   -0.494983  0.00829788 -0.00433266 -0.00915781   -0.999949
0.351011  0.18202 0.646676   -0.142869    0.128927  -0.0045358 -0.00829171 0.000905592   -0.706695    0.488542   -0.872521  0.00587866   -0.872529    -0.48849  0.00834515 -0.00440965 -0.00920626   -0.999948
0.349509 0.183378 0.646631   -0.142382    0.128516 -0.00452106 -0.00822512 0.000929998   -0.704318    0.482044   -0.876127   0.0059447   -0.876136   -0.481992  0.00839189 -0.00448706 -0.00925362   -0.999947
0.348012 0.184731 0.646586   -0.141881    0.128092 -0.00450368 -0.00815632 0.000952129   -0.701877    0.475542   -0.879672  0.00601044   -0.879681   -0.475489  0.00843773 -0.00456454 -0.00929977   -0.999946
0.346521  0.18608 0.646542   -0.141368    0.127657  -0.0044834  -0.0080845 0.000967709   -0.699367    0.469038   -0.883157   0.0060758   -0.883166   -0.468984   0.0084832 -0.00464254 -0.00934488   -0.999946
0.345035 0.187425 0.646498   -0.140841     0.12721 -0.00446688 -0.00801503 0.000992504   -0.696792    0.462532   -0.886581  0.00614079    -0.88659   -0.462478  0.00852797 -0.00472076 -0.00938882   -0.999945
0.343554 0.188764 0.646454   -0.140301     0.12675 -0.00444658 -0.00794147  0.00100908   -0.694147    0.456026   -0.889945  0.00620541   -0.889954   -0.455971  0.00857204 -0.00479916 -0.00943159   -0.999944
 0.34208 0.190099  0.64641   -0.139748    0.126278 -0.00442807 -0.00787059   0.0010347    -0.69144    0.449521   -0.893248  0.00626963   -0.893256   -0.449465  0.00861546 -0.00487776 -0.00947322   -0.999943
0.340611 0.191428 0.646366   -0.139182    0.125795 -0.00440487 -0.00779482  0.00104809   -0.688664    0.443018    -0.89649  0.00633345   -0.896499   -0.442961  0.00865823 -0.00495655 -0.00951368   -0.999942
0.339149 0.192752 0.646323   -0.138602    0.125299 -0.00438217 -0.00771868  0.00106444    -0.68582    0.436519   -0.899672  0.00639684   -0.899681   -0.436461  0.00870048 -0.00503561 -0.00955304   -0.999942
0.337693 0.194071  0.64628    -0.13801    0.124791  -0.0043617 -0.00764492  0.00108649   -0.682911    0.430025   -0.902794  0.00645979   -0.902803   -0.429966  0.00874209 -0.00511481 -0.00959123   -0.999941
0.336243 0.195384 0.646237   -0.137404    0.124271 -0.00433835 -0.00756887  0.00110404   -0.679936    0.423537   -0.905856  0.00652229   -0.905864   -0.423477  0.00878315 -0.00519422  -0.0096283    -0.99994
0.334799 0.196691 0.646194   -0.136785    0.123739 -0.00431489 -0.00749161  0.00112147   -0.676895    0.417056   -0.908857  0.00658436   -0.908866   -0.416996  0.00882344 -0.00527359 -0.00966417   -0.999939
0.333363 0.197993 0.646152   -0.136153    0.123194 -0.00429034 -0.00741374  0.00113813   -0.673786    0.410583   -0.911799  0.00664592   -0.911807   -0.410523  0.00886321 -0.00535316 -0.00969889   -0.999939
0.331933 0.199289  0.64611   -0.135508    0.122637 -0.00426345 -0.00733456   0.0011539   -0.670608    0.404121   -0.914681  0.00670704   -0.914689   -0.404059  0.00890247 -0.00543288 -0.00973253   -0.999938
 0.33051 0.200579 0.646068   -0.134849    0.122068 -0.00423697 -0.00725479  0.00116815   -0.667371     0.39767   -0.917504  0.00676764   -0.917512   -0.397607  0.00894084 -0.00551238 -0.00976489   -0.999937
0.329094 0.201863 0.646026   -0.134177    0.121487 -0.00421083 -0.00717456  0.00118288   -0.664061    0.391231   -0.920267  0.00682775   -0.920276   -0.391168  0.00897893 -0.00559222 -0.00979624   -0.999936
0.327686  0.20314 0.645985   -0.133492    0.120894 -0.00418339 -0.00709356  0.00119677   -0.660687    0.384805   -0.922972  0.00688733    -0.92298   -0.384742  0.00901647 -0.00567211 -0.00982646   -0.999936
0.326284 0.204411 0.645944   -0.132794    0.120288  -0.0041563 -0.00701365  0.00121494    -0.65725    0.378395   -0.925618  0.00694638   -0.925626    -0.37833  0.00905322  -0.0057518 -0.00985544   -0.999935
0.324891 0.205675 0.645903   -0.132083     0.11967 -0.00412678 -0.00693099  0.00122589   -0.653742    0.372001   -0.928206  0.00700494   -0.928214   -0.371935   0.0090893 -0.00583136 -0.00988331   -0.999934
0.323505 0.206933 0.645862   -0.131359    0.119039 -0.00409658 -0.00684782  0.00123707   -0.650169    0.365624   -0.930736  0.00706293   -0.930744   -0.365558  0.00912497 -0.00591103 -0.00991008   -0.999933
0.322126 0.208184 0.645822   -0.130621    0.118397 -0.00406697 -0.00676599  0.00125143   -0.646531    0.359265   -0.933208  0.00712036   -0.933216   -0.359199  0.00916013 -0.00599069 -0.00993575   -0.999933
0.320756 0.209428 0.645782    -0.12987    0.117742 -0.00403616 -0.00668186   0.0012634   -0.642827    0.352927   -0.935623  0.00717722   -0.935631   -0.352859  0.00919432 -0.00606987 -0.00996015   -0.999932
0.319393 0.210665 0.645742   -0.129106    0.117075 -0.00400476  -0.0065988  0.00127539   -0.639055    0.346609   -0.937982  0.00723353   -0.937989   -0.346541  0.00922849 -0.00614943 -0.00998366   -0.999931
0.318039 0.211895 0.645703   -0.128329    0.116395 -0.00397169 -0.00651285  0.00128201   -0.635217    0.340314   -0.940284  0.00728925   -0.940291   -0.340245  0.00926164 -0.00622843  -0.0100059   -0.999931
0.316693 0.213117 0.645664   -0.127539    0.115703 -0.00393787 -0.00642811  0.00129265   -0.631317   0.334042  -0.942529  0.0073444  -0.942537  -0.333973 0.00929459 -0.0063076 -0.0100272   -0.99993
0.315356 0.214332 0.645625   -0.126736    0.114999 -0.00390465 -0.00634241  0.00130051   -0.627348    0.327795    -0.94472  0.00739894   -0.944727   -0.327725  0.00932666 -0.00638626  -0.0100472   -0.999929
0.314027  0.21554 0.645587   -0.125919    0.114282 -0.00387008 -0.00625663  0.00130947   -0.623313    0.321574   -0.946855  0.00745287   -0.946862   -0.321503  0.00935839 -0.00646492  -0.0100663   -0.999928
0.312707 0.216739 0.645549   -0.125089    0.113553 -0.00383543 -0.00616988    0.001316   -0.619212     0.31538   -0.948936  0.00750619   -0.948943   -0.315308  0.00938934 -0.00654311  -0.0100842   -0.999928
0.311396 0.217931 0.645511   -0.124246    0.112812 -0.00379891 -0.00608331  0.00132192   -0.615044    0.309215   -0.950962   0.0075589   -0.950969   -0.309142  0.00941999 -0.00662129  -0.0101011   -0.999927
0.310094 0.219115 0.645474    -0.12339    0.112058 -0.00376231 -0.00599513  0.00132603   -0.610813    0.303079   -0.952935  0.00761095   -0.952942   -0.303005  0.00944983 -0.00669892  -0.0101168   -0.999926
0.308801 0.220291 0.645437   -0.122521    0.111292 -0.00372554 -0.00590837  0.00133078   -0.606515    0.296973   -0.954855  0.00766242   -0.954862   -0.296899  0.00947946 -0.00677655  -0.0101317   -0.999926
0.307518 0.221458   0.6454   -0.121638    0.110513 -0.00368902 -0.00582141  0.00133867   -0.602152      0.2909   -0.956722   0.0077132   -0.956729   -0.290825  0.00950833 -0.00685365  -0.0101454   -0.999925
0.306243 0.222617 0.645364   -0.120742    0.109722 -0.00365164 -0.00573512  0.00134558   -0.597723    0.284859   -0.958538  0.00776338   -0.958544   -0.284784  0.00953689 -0.00693059  -0.0101582   -0.999924
0.304979 0.223768 0.645328   -0.119833    0.108919 -0.00361323  -0.0056471  0.00134816   -0.593228    0.278853   -0.960302  0.00781284   -0.960308   -0.278777  0.00956465 -0.00700691  -0.0101699   -0.999924
0.303724  0.22491 0.645293   -0.118911    0.108103 -0.00357185 -0.00555676  0.00134634   -0.588667    0.272882   -0.962015   0.0078617   -0.962022   -0.272805  0.00959213 -0.00708307  -0.0101806   -0.999923
0.302479 0.226043 0.645258   -0.117976    0.107274 -0.00353199 -0.00546911  0.00134897   -0.584043    0.266947   -0.963679  0.00790988   -0.963685    -0.26687  0.00961897 -0.00715869  -0.0101904   -0.999922
0.301244 0.227168 0.645223   -0.117027    0.106433 -0.00349324 -0.00538088   0.0013521   -0.579351     0.26105   -0.965292  0.00795737   -0.965298   -0.260972  0.00964518 -0.00723376  -0.0101991   -0.999922
0.300019 0.228283 0.645189   -0.116066     0.10558 -0.00345077 -0.00529062  0.00134858    -0.57459    0.255192   -0.966857  0.00800416   -0.966863   -0.255114  0.00967094 -0.00730845  -0.0102069   -0.999921
0.298805 0.229389 0.645155   -0.115091    0.104715 -0.00340696 -0.00520029   0.0013434   -0.569768    0.249374   -0.968374   0.0080503   -0.968379   -0.249295  0.00969627 -0.00738271  -0.0102137   -0.999921
  0.2976 0.230486 0.645122   -0.114103    0.103836 -0.00336638 -0.00511179  0.00134527   -0.564881    0.243597   -0.969843  0.00809576   -0.969848   -0.243517  0.00972105 -0.00745644  -0.0102197    -0.99992
0.296407 0.231573 0.645089   -0.113102    0.102946 -0.00332393  -0.0050233  0.00134385   -0.559924    0.237862   -0.971265  0.00814054    -0.97127   -0.237781  0.00974547 -0.00752977  -0.0102247   -0.999919
0.295224 0.232651 0.645056   -0.112087    0.102043 -0.00327953 -0.00493273  0.00133793   -0.554905     0.23217   -0.972641  0.00818462   -0.972646   -0.232089  0.00976931 -0.00760247  -0.0102289   -0.999919
0.294052  0.23372 0.645024   -0.111059    0.101127 -0.00323784 -0.00484486  0.00133691   -0.549822   0.226522  -0.973971 0.00822795  -0.973976   -0.22644 0.00979242 -0.0076744  -0.010232  -0.999918
0.292891 0.234778 0.644992   -0.110019    0.100198 -0.00319417 -0.00475634  0.00133283   -0.544671     0.22092   -0.975257  0.00827067   -0.975261   -0.220837  0.00981545 -0.00774611  -0.0102345   -0.999918
0.291741 0.235826 0.644961   -0.108964   0.0992576  -0.0031488 -0.00466626   0.0013271   -0.539455    0.215364   -0.976499  0.00831259   -0.976503   -0.215281  0.00983776 -0.00781702   -0.010236   -0.999917
0.290602 0.236865  0.64493   -0.107897   0.0983043 -0.00310286 -0.00457612  0.00131878   -0.534174    0.209855   -0.977697  0.00835383   -0.977701   -0.209772  0.00985962 -0.00788732  -0.0102366   -0.999916
0.289475 0.237893   0.6449   -0.106817   0.0973386 -0.00305759 -0.00448717  0.00131349   -0.528826    0.204396   -0.978852  0.00839432   -0.978856   -0.204312  0.00988096 -0.00795695  -0.0102365   -0.999916
0.288359 0.238911  0.64487   -0.105723   0.0963606 -0.00300947 -0.00439577  0.00130103   -0.523412    0.198985   -0.979966  0.00843413    -0.97997   -0.198901  0.00990188 -0.00802595  -0.0102355   -0.999915
0.287255 0.239918  0.64484   -0.104616   0.0953693 -0.00296563 -0.00430951  0.00129804   -0.517937    0.193626   -0.981039  0.00847323   -0.981042   -0.193541  0.00992248 -0.00809442  -0.0102338   -0.999915
0.286163 0.240915 0.644811   -0.103496   0.0943659 -0.00291694 -0.00421854  0.00128437   -0.512395    0.188318   -0.982071  0.00851155   -0.982074   -0.188232  0.00994232 -0.00816192  -0.0102313   -0.999914
0.285082 0.241901 0.644783   -0.102363   0.0933499 -0.00287075  -0.0041307  0.00127697   -0.506785    0.183062   -0.983064  0.00854925   -0.983067   -0.182976  0.00996207 -0.00822904  -0.0102282   -0.999914
0.284014 0.242876 0.644754   -0.101217   0.0923214 -0.00282369 -0.00404322  0.00126784    -0.50111    0.177861   -0.984018  0.00858612   -0.984021   -0.177774  0.00998108 -0.00829517  -0.0102242   -0.999913
0.282958  0.24384 0.644727   -0.100057   0.0912805 -0.00277438 -0.00395288  0.00125398   -0.495371    0.172714   -0.984934  0.00862228   -0.984937   -0.172627  0.00999971 -0.00836062  -0.0102195   -0.999913
0.281915 0.244793   0.6447   -0.098884   0.0902267  -0.0027262 -0.00386511  0.00124202   -0.489567    0.167623   -0.985813  0.00865772   -0.985815   -0.167535   0.0100179 -0.00842529  -0.0102141   -0.999912
0.280884 0.245735 0.644673  -0.0976976   0.0891605 -0.00267785 -0.00377637  0.00122928     -0.4837    0.162588   -0.986656  0.00869242   -0.986658     -0.1625   0.0100356 -0.00848918  -0.0102081   -0.999912
0.279865 0.246665 0.644647   -0.096498   0.0880818  -0.0026291 -0.00368858  0.00121613   -0.477763   0.157611  -0.987463 0.00872636  -0.987464  -0.157522  0.0100529 -0.0085523 -0.0102014  -0.999911
0.278859 0.247584 0.644621  -0.0952859   0.0869904 -0.00257918 -0.00360124  0.00119996   -0.471764    0.152692   -0.988235  0.00875963   -0.988236   -0.152603   0.0100699 -0.00861466  -0.0101942   -0.999911
0.277867 0.248491 0.644596  -0.0940599   0.0858869 -0.00252936 -0.00351257  0.00118395   -0.465696    0.147833   -0.988973  0.00879208   -0.988974   -0.147744   0.0100861 -0.00867593  -0.0101862    -0.99991
0.276887 0.249386 0.644571  -0.0928211   0.0847703 -0.00247868  -0.0034248  0.00116805   -0.459565    0.143035   -0.989678  0.00882386   -0.989679   -0.142945   0.0101023 -0.00873666  -0.0101778    -0.99991
0.275921 0.250269 0.644547  -0.0915689   0.0836413 -0.00242954 -0.00333954  0.00115292   -0.453369   0.138297  -0.990351 0.00885485  -0.990352  -0.138207  0.0101178 -0.0087964 -0.0101687   -0.99991
0.274968 0.251141 0.644523  -0.0903031   0.0824993 -0.00237998 -0.00325361  0.00113807   -0.447107    0.133623   -0.990992  0.00888511   -0.990993   -0.133532    0.010133 -0.00885525  -0.0101591   -0.999909
0.274028    0.252   0.6445  -0.0890242   0.0813453 -0.00232979 -0.00316727  0.00111991   -0.440779    0.129011   -0.991603  0.00891467   -0.991603    -0.12892   0.0101478 -0.00891328   -0.010149   -0.999909
0.273102 0.252847 0.644477  -0.0877328   0.0801786 -0.00227877 -0.00308301  0.00110075    -0.43439    0.124463   -0.992184  0.00894345   -0.992184   -0.124372    0.010162 -0.00897021  -0.0101383   -0.999908
 0.27219 0.253681 0.644455  -0.0864276   0.0789996 -0.00222766 -0.00299668  0.00108114   -0.427931    0.119981   -0.992736  0.00897149   -0.992735   -0.119889   0.0101759 -0.00902636  -0.0101272   -0.999908
0.271292 0.254503 0.644433  -0.0851093   0.0778074 -0.00217594 -0.00291185  0.00106162   -0.421406    0.115564   -0.993259  0.00899881   -0.993258   -0.115472   0.0101893 -0.00908153  -0.0101157   -0.999908
0.270407 0.255312 0.644412  -0.0837774   0.0766026  -0.0021259 -0.00282865  0.00104345   -0.414822   0.111215  -0.993755 0.00902544  -0.993754  -0.111122  0.0102026  -0.009136 -0.0101038  -0.999907
0.269537 0.256108 0.644391  -0.0824329    0.075386 -0.00207324 -0.00274321  0.00101971   -0.408166    0.106933   -0.994225  0.00905125   -0.994224    -0.10684   0.0102152 -0.00918922  -0.0100913   -0.999907
0.268682 0.256891 0.644371  -0.0810753   0.0741567 -0.00202277 -0.00266234  0.00100122   -0.401445    0.102719   -0.994669  0.00907634   -0.994667   -0.102626   0.0102275 -0.00924146  -0.0100785   -0.999907
 0.26784 0.257661 0.644351  -0.0797037   0.0729144   -0.001972 -0.00258036 0.000980759   -0.394663   0.0985749   -0.995088  0.00910077   -0.995086  -0.0984811   0.0102394 -0.00929285  -0.0100654   -0.999906
0.267014 0.258418 0.644332  -0.0783197   0.0716594 -0.00192052 -0.00249873 0.000959644   -0.387813   0.0945011   -0.995483  0.00912448   -0.995481  -0.0944069   0.0102511 -0.00934335   -0.010052   -0.999906
0.266202 0.259161 0.644313  -0.0769218   0.0703916 -0.00186893  -0.0024173 0.000936027   -0.380898   0.0904982   -0.995855   0.0091474   -0.995852  -0.0904037   0.0102622 -0.00939275  -0.0100382   -0.999906
0.265405 0.259891 0.644295  -0.0755108    0.069112 -0.00181777 -0.00233665 0.000912852   -0.373918   0.0865673   -0.996204  0.00916967   -0.996201  -0.0864726   0.0102731 -0.00944117  -0.0100241   -0.999905
0.264623 0.260607 0.644277  -0.0740873   0.0678197 -0.00176641 -0.00225765 0.000889516   -0.366872   0.0827092   -0.996531  0.00919116   -0.996529  -0.0826141   0.0102834 -0.00948844  -0.0100098   -0.999905
0.263856 0.261309  0.64426  -0.0726494   0.0665139 -0.00171534  -0.0021783 0.000867362   -0.359761   0.0789247   -0.996838    0.009212   -0.996835  -0.0788293   0.0102936 -0.00953488 -0.00999526   -0.999905
0.263105 0.261998 0.644244  -0.0711992   0.0651966 -0.00166417 -0.00209956 0.000840829   -0.352584   0.0752145   -0.997125  0.00923207   -0.997121  -0.0751188   0.0103032 -0.00958007 -0.00998045   -0.999904
0.262369 0.262672 0.644227  -0.0697352   0.0638659 -0.00161392 -0.00202326 0.000819699   -0.345346   0.0715794   -0.997392  0.00925148   -0.997388  -0.0714835   0.0103126 -0.00962433 -0.00996549   -0.999904
0.261648 0.263332 0.644212  -0.0682587   0.0625233 -0.00156192 -0.00194637 0.000793225   -0.338037   0.0680203   -0.997641  0.00927019   -0.997637  -0.0679241   0.0103216  -0.0096676 -0.00995036   -0.999904
0.260943 0.263978 0.644196  -0.0667684    0.061168 -0.00151304 -0.00187241 0.000772339   -0.330666    0.064538   -0.997872  0.00928822   -0.997868  -0.0644416   0.0103303 -0.00970973 -0.00993512   -0.999904
0.260255  0.26461 0.644182   -0.065265   0.0597997 -0.00146221 -0.00179681 0.000746072   -0.323225   0.0611335   -0.998086  0.00930552   -0.998082  -0.0610369   0.0103385 -0.00975073  -0.0099197   -0.999903
0.259582 0.265227 0.644168  -0.0637486   0.0584188 -0.00141243 -0.00172358 0.000722082   -0.315721   0.0578071   -0.998284  0.00932218    -0.99828  -0.0577102   0.0103465 -0.00979075 -0.00990424   -0.999903
0.258925 0.265829 0.644154  -0.0622186   0.0570258 -0.00136219 -0.00165088 0.000695952   -0.308155   0.0545598   -0.998467  0.00933819   -0.998462  -0.0544627   0.0103541 -0.00982968 -0.00988875   -0.999903
0.258285 0.266416 0.644141  -0.0606759   0.0556202  -0.0013127 -0.00157858 0.000669404   -0.300522   0.0513925   -0.998635   0.0093534    -0.99863  -0.0512952   0.0103612 -0.00986724 -0.00987307   -0.999903
0.257661 0.266988 0.644128  -0.0591193   0.0542016 -0.00126534  -0.0015107  0.00064943   -0.292819   0.0483058   -0.998789  0.00936816   -0.998783  -0.0482083   0.0103683 -0.00990416 -0.00985761   -0.999902
0.257053 0.267546 0.644116  -0.0575502   0.0527708 -0.00121499 -0.00143943 0.000621808   -0.285053   0.0453006   -0.998929  0.00938214   -0.998924  -0.0452029    0.010375 -0.00993974 -0.00984204   -0.999902
0.256462 0.268087 0.644104  -0.0559673   0.0513264 -0.00116807 -0.00137281 0.000598157   -0.277223   0.0423774   -0.999057  0.00939558   -0.999052  -0.0422796   0.0103814 -0.00997441 -0.00982661   -0.999902
0.255888 0.268614 0.644093  -0.0543718   0.0498711 -0.00112024 -0.00130688  0.00057505   -0.269327   0.0395372   -0.999174  0.00940829   -0.999168  -0.0394392   0.0103873  -0.0100077 -0.00981115   -0.999902
0.255332 0.269125 0.644082  -0.0527629    0.048402 -0.00107164 -0.00123992 0.000548286   -0.261362   0.0367806   -0.999279  0.00942045   -0.999273  -0.0366824   0.0103933  -0.0100402 -0.00979587   -0.999902
0.254792 0.269621 0.644071  -0.0511409   0.0469209 -0.00102553 -0.00117622 0.000523458   -0.253341   0.0341085   -0.999374    0.009432   -0.999367  -0.0340101   0.0103988  -0.0100715 -0.00978072   -0.999901
0.254269   0.2701 0.644062  -0.0495061   0.0454274 -0.00097604  -0.0011097 0.000494233   -0.245241   0.0315214   -0.999458  0.00944286   -0.999452  -0.0314229   0.0104037  -0.0101014 -0.00976563   -0.999901
0.253764 0.270564 0.644052   -0.0478575     0.043921 -0.000931696  -0.00104988  0.000471867    -0.237087   0.0290204   -0.999534  0.00945319   -0.999527  -0.0289217   0.0104086  -0.0101304 -0.00975079   -0.999901
0.253276 0.271012 0.644043   -0.0461954    0.0424016 -0.000886157 -0.000988485  0.000447299    -0.228862   0.0266057   -0.999601  0.00946299   -0.999594  -0.0265069   0.0104133  -0.0101583 -0.00973621   -0.999901
0.252806 0.271443 0.644035   -0.0445211    0.0408705 -0.000840327  -0.00092919  0.000422521    -0.220574  0.0242784   -0.99966 0.00947216  -0.999653 -0.0241795  0.0104176  -0.010185 -0.0097218  -0.999901
0.252354 0.271858 0.644027   -0.0428328    0.0393264 -0.000795555 -0.000869579  0.000395465    -0.212216  0.0220392  -0.999712 0.00948081  -0.999705 -0.0219402  0.0104218 -0.0102108 -0.0097077  -0.999901
 0.25192 0.272257 0.644019   -0.0411316    0.0377693 -0.000752898 -0.000815342  0.000374514    -0.203792   0.0198887   -0.999757  0.00948886    -0.99975  -0.0197896   0.0104255  -0.0102352 -0.00969384   -0.999901
0.251504 0.272639 0.644012   -0.0394176    0.0362004 -0.000710683 -0.000761747  0.000353472     -0.19531   0.0178276   -0.999796   0.0094965   -0.999788  -0.0177284   0.0104291  -0.0102587 -0.00968042   -0.999901
0.251106 0.273005 0.644005   -0.0376894     0.034618 -0.000670615 -0.000710626  0.000333502    -0.186755   0.0158568   -0.999829  0.00950356   -0.999821  -0.0157575   0.0104325  -0.0102809 -0.00966728     -0.9999
0.250727 0.273354 0.643998    -0.035949     0.033024 -0.000627306 -0.000657035  0.000307838    -0.178135   0.0139769   -0.999857  0.00951017   -0.999849  -0.0138775   0.0104356  -0.0103022 -0.00965459     -0.9999
0.250366 0.273685 0.643992   -0.0341952    0.0314169 -0.000586638 -0.000607048  0.000285137    -0.169451   0.0121886    -0.99988  0.00951613   -0.999872  -0.0120891   0.0104383   -0.010322 -0.00964215     -0.9999
0.250024    0.274 0.643987   -0.0324281    0.0297974  -0.00054587 -0.000557693  0.000263421      -0.1607   0.0104925     -0.9999  0.00952182   -0.999891  -0.0103929   0.0104411  -0.0103411 -0.00963034     -0.9999
  0.2497 0.274297 0.643982   -0.0306479     0.028165 -0.000508416 -0.000513012   0.00024519    -0.151884  0.00888941   -0.999915  0.00952698   -0.999907 -0.00878983   0.0104435  -0.0103588 -0.00961893     -0.9999
0.249395 0.274577 0.643977   -0.0288548    0.0265201  -0.00047056 -0.000469106  0.000223498    -0.143007  0.00738007   -0.999927  0.00953165   -0.999919 -0.00728044   0.0104457  -0.0103756 -0.00960797     -0.9999
 0.24911  0.27484 0.643972   -0.0270487     0.024863 -0.000433732 -0.000427419  0.000206254    -0.134058  0.00596522   -0.999937  0.00953604   -0.999928 -0.00586553   0.0104479  -0.0103913 -0.00959768     -0.9999
0.248844 0.275084 0.643968   -0.0252289    0.0231937 -0.000397689 -0.000386483  0.000186529    -0.125042  0.00464547   -0.999944   0.0095399   -0.999935 -0.00454574   0.0104496  -0.0104056 -0.00958782     -0.9999
0.248597 0.275312 0.643965   -0.0233962    0.0215111 -0.000362056 -0.000346609  0.000166917    -0.115961  0.00342152   -0.999949  0.00954345    -0.99994 -0.00332175   0.0104513   -0.010419 -0.00957864     -0.9999
0.248369 0.275521 0.643961   -0.0215502    0.0198161 -0.000328122 -0.000309337  0.000150193    -0.106819  0.00229402   -0.999952  0.00954661   -0.999943 -0.00219421   0.0104528  -0.0104313 -0.00957004     -0.9999
0.248161 0.275712 0.643958   -0.0196916    0.0181088 -0.000296063 -0.000276801  0.000134852   -0.0976049  0.00126388   -0.999954  0.00954948   -0.999945 -0.00116403   0.0104542  -0.0104426 -0.00956217     -0.9999
0.247973 0.275885 0.643955     -0.01782     0.016389 -0.000261858 -0.000241626  0.000115257   -0.0883293  0.000331472    -0.999954   0.00955191    -0.999945 -0.000231597    0.0104553   -0.0104526  -0.00955485      -0.9999
0.247805  0.27604 0.643953   -0.0159346    0.0146557 -0.000232321  -0.00021219  0.000103591   -0.0789851 -0.000502142    -0.999954   0.00955411    -0.999945  0.000602043    0.0104563   -0.0104616  -0.00954833      -0.9999
0.247657 0.276176 0.643951   -0.0140364    0.0129106  -0.00020372 -0.000184887  8.96646e-05   -0.0695784 -0.00123643   -0.999954  0.00955599   -0.999944  0.00133635   0.0104572  -0.0104695 -0.00954253     -0.9999
0.247529 0.276294 0.643949   -0.0121249    0.0111528 -0.000174925 -0.000158571   7.6685e-05   -0.0601052 -0.00187079   -0.999953  0.00955767   -0.999943  0.00197073   0.0104581  -0.0104764 -0.00953756     -0.9999
0.247421 0.276393 0.643948   -0.0102007   0.00938233 -0.000147428 -0.000134268  6.38745e-05   -0.0505615 -0.00240453   -0.999951  0.00955906   -0.999942  0.00250449   0.0104587  -0.0104821 -0.00953336     -0.9999
0.247334 0.276473 0.643946  -0.00826356   0.00760006 -0.000120651  -0.00011191  5.06796e-05   -0.0409548 -0.00283679    -0.99995  0.00956022   -0.999941  0.00293676   0.0104592  -0.0104868 -0.00952998     -0.9999
0.247263 0.276538 0.643945  -0.00669361   0.00615558 -9.95319e-05 -9.31531e-05  4.16416e-05   -0.0331742 -0.00318708   -0.999949  0.00956119    -0.99994  0.00328706   0.0104596  -0.0104905 -0.00952728     -0.9999
0.247206 0.276591 0.643944  -0.00542178   0.00498574 -8.20717e-05 -7.70094e-05  3.58097e-05   -0.0268714 -0.00347055   -0.999948  0.00956199   -0.999939  0.00357054     0.01046  -0.0104936 -0.00952511     -0.9999
 0.24716 0.276633 0.643944  -0.00439152     0.004038 -6.81496e-05 -6.54001e-05  3.25042e-05   -0.0217632 -0.00370015   -0.999947  0.00956261   -0.999938  0.00380014   0.0104603  -0.0104961 -0.00952332     -0.9999
0.247122 0.276668 0.643943  -0.00355729   0.00327076 -5.40901e-05 -5.16098e-05  2.41289e-05   -0.0176299 -0.00388649   -0.999947  0.00956319   -0.999937   0.0039865   0.0104606  -0.0104981 -0.00952194     -0.9999
0.247092 0.276696 0.643943  -0.00288164   0.00264968 -4.38192e-05   -4.151e-05  1.83471e-05   -0.0142787 -0.00403703   -0.999946  0.00956364   -0.999937  0.00413704   0.0104608  -0.0104998 -0.00952081     -0.9999
0.247067 0.276718 0.643942  -0.00233387   0.00214553  -3.6737e-05 -3.50607e-05   1.6865e-05   -0.0115662 -0.00415909   -0.999946  0.00956401   -0.999936   0.0042591   0.0104609  -0.0105011 -0.00951989     -0.9999
0.247047 0.276737 0.643942  -0.00189052   0.00173816 -3.01597e-05  -2.9734e-05  1.59868e-05  -0.00937059 -0.00425805   -0.999945  0.00956439   -0.999936  0.00435807   0.0104612  -0.0105023 -0.00951923     -0.9999
0.247031 0.276752 0.643942  -0.00153166   0.00140794 -2.28025e-05 -2.22297e-05  8.91592e-06   -0.0075904 -0.00433822   -0.999945  0.00956456   -0.999935  0.00443825   0.0104613  -0.0105031 -0.00951856     -0.9999
0.247018 0.276764 0.643941  -0.00124048   0.00114027 -1.91786e-05 -1.89613e-05  9.02818e-06   -0.0061445 -0.00440311   -0.999945  0.00956479   -0.999935  0.00450314   0.0104613  -0.0105038 -0.00951811     -0.9999
0.247007 0.276773 0.643941  -0.00100457  0.000923649 -1.55812e-05 -1.47559e-05  7.22513e-06  -0.00497945 -0.00445548   -0.999944  0.00956497   -0.999935   0.0045555   0.0104614  -0.0105044 -0.00951773     -0.9999
0.246999 0.276781 0.643941 -0.000813981  0.000748323 -1.33016e-05  -1.3434e-05  6.89232e-06  -0.00403436 -0.00449816   -0.999944  0.00956513   -0.999935  0.00459819   0.0104616   -0.010505 -0.00951745     -0.9999
0.246992 0.276788 0.643941 -0.000659334  0.000606135 -9.70685e-06 -9.92543e-06  4.43046e-06  -0.00326473 -0.00453276   -0.999944  0.00956522   -0.999935  0.00463279   0.0104616  -0.0105053 -0.00951717     -0.9999
0.246986 0.276793 0.643941 -0.000534139  0.000491173 -8.27303e-06 -8.24942e-06  3.49943e-06  -0.00264772 -0.00456046   -0.999944  0.00956522   -0.999934  0.00466048   0.0104615  -0.0105055 -0.00951688     -0.9999
0.246982 0.276797 0.643941 -0.000432614  0.000397842 -6.79435e-06 -6.87286e-06   4.0222e-06  -0.00214364 -0.00458325   -0.999944  0.00956527   -0.999934  0.00468328   0.0104614  -0.0105056  -0.0095167     -0.9999
0.246978   0.2768 0.643941 -0.000350029  0.000321817 -6.48239e-06 -6.47647e-06  4.60579e-06  -0.00173632 -0.00460146   -0.999944  0.00956538   -0.999934  0.00470149   0.0104616   -0.010506 -0.00951661     -0.9999
0.246975 0.276803 0.643941 -0.000283529  0.000260584 -5.36903e-06 -5.23427e-06  3.81986e-06  -0.00140512 -0.00461641   -0.999944  0.00956552   -0.999934  0.00471645   0.0104618  -0.0105063 -0.00951659     -0.9999
0.246972 0.276805 0.643941   -0.0002298  0.000211301 -3.35405e-06 -2.93695e-06  1.74977e-06  -0.00114033  -0.0046283   -0.999944  0.00956547   -0.999934  0.00472833   0.0104616  -0.0105063 -0.00951642     -0.9999
 0.24697 0.276807 0.643941 -0.000186185   0.00017129 -2.13871e-06 -2.24136e-06  3.95612e-07 -0.000922674 -0.00463806   -0.999943  0.00956552   -0.999934  0.00473809   0.0104617  -0.0105064 -0.00951636     -0.9999
0.246969 0.276809 0.643941 -0.000150881  0.000138655 -3.32803e-06 -3.50987e-06  2.16439e-06 -0.000746464 -0.00464598   -0.999943  0.00956551   -0.999934  0.00474602   0.0104616  -0.0105064 -0.00951627     -0.9999
0.246968  0.27681 0.643941 -0.000122487  0.000112542 -1.23599e-06 -1.63281e-06  1.09704e-07 -0.000606531 -0.00465242   -0.999943  0.00956549   -0.999934  0.00475246   0.0104616  -0.0105065 -0.00951619     -0.9999
0.246967 0.276811 0.643941  -9.8915e-05   9.0791e-05 -1.44686e-06 -1.40626e-06  1.35479e-06 -0.000489003 -0.00465758   -0.999943  0.00956559   -0.999934  0.00475761   0.0104617  -0.0105066 -0.00951623     -0.9999
0.246966 0.276812 0.643941 -8.00665e-05  7.35281e-05 -2.02949e-06 -2.12973e-06  1.92486e-06 -0.000397623 -0.00466178   -0.999943   0.0095656   -0.999934  0.00476182   0.0104617  -0.0105067  -0.0095162     -0.9999
0.246965 0.276812 0.643941 -6.50135e-05  5.97254e-05 -6.75618e-07 -4.29306e-07 -1.32473e-06 -0.000319292  -0.0046651   -0.999943  0.00956565   -0.999934  0.00476513   0.0104618  -0.0105068 -0.00951621     -0.9999
0.246964 0.276813 0.643941 -5.25998e-05  4.84167e-05 -1.99669e-08  3.95942e-07 -2.57308e-07 -0.000260961 -0.00466783   -0.999943  0.00956555   -0.999934  0.00476786   0.0104617  -0.0105067 -0.00951609     -0.9999
0.246964 0.276813 0.643941 -4.26304e-05  3.89511e-05 -1.13375e-06 -1.29436e-06  1.52938e-06 -0.000209613 -0.00467002   -0.999943  0.00956564   -0.999934  0.00477006   0.0104617  -0.0105068 -0.00951615     -0.9999
0.246964 0.276813 0.643941 -3.43626e-05  3.16082e-05 -4.87915e-07  4.96349e-08 -3.26784e-07  -0.00016887 -0.00467191   -0.999943  0.00956563   -0.999934  0.00477194   0.0104617  -0.0105068 -0.00951612     -0.9999
0.246963 0.276814 0.643941 -2.79304e-05  2.57346e-05   2.3565e-08  6.27593e-07 -1.25544e-06 -0.000140107 -0.00467338   -0.999943  0.00956562   -0.999934  0.00477342   0.0104617  -0.0105068 -0.00951609     -0.9999
0.246963 0.276814 0.643941 -2.28302e-05  2.11871e-05  9.39948e-08  1.66579e-08 -2.22262e-07 -0.000108826  -0.0046747   -0.999943   0.0095657   -0.999934  0.00477474   0.0104618  -0.0105069 -0.00951616     -0.9999
0.246963 0.276814 0.643941 -1.84403e-05  1.66969e-05 -1.45277e-06 -2.48226e-06  2.82602e-06 -9.27026e-05 -0.00467555   -0.999943  0.00956559   -0.999934  0.00477558   0.0104616  -0.0105067 -0.00951604     -0.9999
0.246963 0.276814 0.643941 -1.45733e-05  1.33752e-05  -9.9221e-07  -2.8239e-07  9.55914e-07 -7.43875e-05 -0.00467631   -0.999943  0.00956556   -0.999934  0.00477634   0.0104616  -0.0105067 -0.00951601     -0.9999
0.246963 0.276814 0.643941 -1.19557e-05  1.07905e-05 -9.42917e-07 -1.33399e-06  2.23368e-06 -5.92185e-05 -0.00467683   -0.999943  0.00956559   -0.999934  0.00477686   0.0104616  -0.0105067 -0.00951603     -0.9999
0.246963 0.276815 0.643941 -9.50974e-06  8.86632e-06 -9.21408e-07 -9.42696e-07  1.94331e-06  -4.7949e-05 -0.00467739   -0.999943  0.00956558   -0.999934  0.00477742   0.0104616  -0.0105067 -0.00951602     -0.9999
0.246962 0.276815 0.643941 -7.72712e-06  7.42924e-06 -7.83994e-07 -7.44718e-07     6.78e-07 -4.06892e-05 -0.00467775   -0.999943  0.00956562   -0.999934  0.00477778   0.0104617  -0.0105068 -0.00951605     -0.9999
0.246962 0.276815 0.643941  -6.4887e-06  5.93093e-06  -5.1169e-07 -6.28036e-07   8.8408e-07 -3.35305e-05 -0.00467815   -0.999943  0.00956559   -0.999934  0.00477819   0.0104616  -0.0105068 -0.00951602     -0.9999
0.246962 0.276815 0.643941 -5.23038e-06   4.4137e-06 -2.38715e-07 -5.10389e-07  1.08903e-06 -2.64462e-05 -0.00467855   -0.999943  0.00956562   -0.999934  0.00477858   0.0104617  -0.0105069 -0.00951604     -0.9999
0.246962 0.276815 0.643941 -4.02204e-06  3.98777e-06 -4.89801e-07 -2.35569e-07  5.93812e-07 -2.23358e-05  -0.0046787   -0.999943  0.00956561   -0.999934  0.00477874   0.0104617  -0.0105068 -0.00951603     -0.9999
0.246962 0.276815 0.643941 -3.37031e-06  2.90077e-06 -1.01341e-07 -2.62395e-07 -1.31062e-07 -1.44931e-05 -0.00467891   -0.999943   0.0095656   -0.999934  0.00477894   0.0104617  -0.0105068 -0.00951601     -0.9999
0.246962 0.276815 0.643941 -2.76001e-06  2.44598e-06 -2.14257e-07 -6.37319e-07  5.06005e-07 -1.52047e-05 -0.00467906   -0.999943  0.00956564   -0.999934   0.0047791   0.0104617  -0.0105068 -0.00951606     -0.9999
0.246962 0.276815 0.643941 -2.09603e-06  1.95945e-06 -3.30671e-07 -4.44894e-07  1.48173e-06 -1.11949e-05 -0.00467907   -0.999943  0.00956559   -0.999934   0.0047791   0.0104617  -0.0105068 -0.00951601     -0.9999
0.246962 0.276815 0.643941 -1.61572e-06  1.53163e-06  3.07123e-08  9.73666e-07 -8.10891e-07 -7.25238e-06 -0.00467926   -0.999943  0.00956566   -0.999934   0.0047793   0.0104618  -0.0105069 -0.00951607     -0.9999
0.246962 0.276815 0.643941 -1.60841e-06  1.48198e-06  3.61489e-08 -6.42295e-08 -1.39645e-06 -7.15886e-06 -0.00467922   -0.999943  0.00956567   -0.999934  0.00477926   0.0104617  -0.0105069 -0.00951608     -0.9999
0.246962 0.276815 0.643941 -1.00587e-06  1.07755e-06 -8.24275e-08  5.97415e-07 -1.74614e-07 -7.96347e-06 -0.00467946   -0.999943  0.00956564   -0.999934   0.0047795   0.0104617  -0.0105069 -0.00951606     -0.9999
0.246962 0.276815 0.643941 -9.44902e-07  9.94869e-07 -7.97002e-08   1.2926e-07 -4.21407e-07 -3.14912e-06 -0.00467947   -0.999943  0.00956564   -0.999934   0.0047795   0.0104617  -0.0105069 -0.00951606     -0.9999
0.246962 0.276815 0.643941 -6.67046e-07  5.11723e-07  1.13188e-07  3.25834e-07 -6.82036e-07 -4.05663e-06 -0.00467942   -0.999943  0.00956565   -0.999934  0.00477946   0.0104618  -0.0105069 -0.00951607     -0.9999
0.246962 0.276815 0.643941 -6.87946e-07  5.30613e-07  1.13044e-07  3.24957e-07 -6.82546e-07 -3.98179e-06 -0.00467943   -0.999943  0.00956565   -0.999934  0.00477946   0.0104618  -0.0105069 -0.00951607     -0.9999
0.246962 0.276815 0.643941 -3.17091e-07  5.46851e-07  -1.9581e-07  2.72623e-07  5.09267e-07 -3.98205e-06 -0.00467943   -0.999943  0.00956563   -0.999934  0.00477946   0.0104617  -0.0105068 -0.00951604     -0.9999
0.246962 0.276815 0.643941 -2.57046e-07  4.64291e-07 -1.92722e-07 -1.95761e-07  2.60989e-07  8.32727e-07 -0.00467967   -0.999943  0.00956563   -0.999934   0.0047797   0.0104617  -0.0105068 -0.00951604     -0.9999
0.246962 0.276815 0.643941 -2.56938e-07    4.643e-07 -1.92778e-07 -1.95779e-07   2.6116e-07  8.32684e-07 -0.00467962   -0.999943  0.00956566   -0.999934  0.00477965   0.0104617  -0.0105068 -0.00951607     -0.9999
0.246962 0.276815 0.643941 -3.85283e-09  2.52419e-08 -2.88204e-09  5.18173e-07  2.92429e-07 -4.64906e-08 -0.00467962   -0.999943  0.00956566   -0.999934  0.00477966   0.0104617  -0.0105068 -0.00951607     -0.9999
0.246962 0.276815 0.643941 -3.74309e-09  2.50831e-08 -2.84424e-09  5.18457e-07  2.92623e-07  -4.6616e-08 -0.00467962   -0.999943  0.00956566   -0.999934  0.00477966   0.0104617  -0.0105068 -0.00951607     -0.9999
0.246962 0.276815 0.643941  2.06497e-08 -1.84139e-08 -8.01444e-12  1.79234e-11  4.27345e-11 -7.45227e-08 -0.00467962   -0.999943  0.00956564   -0.999934  0.00477966   0.0104617  -0.0105068 -0.00951605     -0.9999
0.246962 0.276815 0.643941  2.06433e-08 -1.84123e-08 -1.87303e-12  2.22682e-11  3.14617e-11 -7.45152e-08 -0.00467962   -0.999943  0.00956564   -0.999934  0.00477966   0.0104617  -0.0105068 -0.00951605     -0.9999
0.246962 0.276815 0.643941  2.06414e-08 -1.84136e-08 -5.61081e-13  2.39578e-11  2.87405e-11 -7.45158e-08 -0.00467962   -0.999943  0.00956564   -0.999934  0.00477966   0.0104617  -0.0105068 -0.00951605     -0.9999
0.246962 0.276815 0.643941 -2.02817e-12 -4.44886e-12  3.25059e-12   9.1016e-12 -7.43585e-13  4.22345e-12 -0.00467963   -0.999943  0.00956564   -0.999934  0.00477966   0.0104617  -0.0105068 -0.00951605     -0.9999
0.246962 0.276815 0.643941  1.54348e-11 -1.13325e-11 -1.24728e-12  1.92111e-11  2.54212e-11 -1.02751e-11 -0.00467963   -0.999943  0.00956564   -0.999934  0.00477966   0.0104617  -0.0105068 -0.00951605     -0.9999
0.246962 0.276815 0.643941  9.27893e-12 -7.58745e-12 -4.45851e-13  1.28907e-11  1.56123e-11 -5.71692e-12 -0.00467963   -0.999943  0.00956564   -0.999934  0.00477966   0.0104617  -0.0105068 -0.00951605     -0.9999
0.246962 0.276815 0.643941  6.26257e-12 -5.43865e-12 -2.23255e-13  9.17781e-12  1.06977e-11 -3.63362e-12 -0.00467963   -0.999943  0.00956564   -0.999934  0.00477966   0.0104617  -0.0105068 -0.00951605     -0.9999
0.246962 0.276815 0.643941   4.5055e-12 -4.03549e-12  -1.5976e-13  6.73889e-12  7.76892e-12 -2.49148e-12 -0.00467963   -0.999943  0.00956564   -0.999934  0.00477966   0.0104617  -0.0105068 -0.00951605     -0.9999
0.246962 0.276815 0.643941   3.3477e-12 -3.04038e-12 -1.35522e-13  5.02529e-12  5.80067e-12 -1.76935e-12 -0.00467963   -0.999943  0.00956564   -0.999934  0.00477966   0.0104617  -0.0105068 -0.00951605     -0.9999
0.246962 0.276815 0.643941  2.52828e-12 -2.30851e-12  -1.1779e-13   3.7827e-12   4.3875e-12 -1.27269e-12 -0.00467963   -0.999943  0.00956564   -0.999934  0.00477966   0.0104617  -0.0105068 -0.00951605     -0.9999
0.246962 0.276815 0.643941  1.92809e-12 -1.76279e-12 -1.01399e-13  2.86658e-12  3.34455e-12 -9.17795e-13 -0.00467963   -0.999943  0.00956564   -0.999934  0.00477966   0.0104617  -0.0105068 -0.00951605     -0.9999
0.246962 0.276815 0.643941  1.47405e-12 -1.35282e-12 -8.67762e-14  2.17904e-12  2.56193e-12 -6.65525e-13 -0.00467963   -0.999943  0.00956564   -0.999934  0.00477966   0.0104617  -0.0105068 -0.00951605     -0.9999
0.246962 0.276815 0.643941  1.13748e-12 -1.04005e-12 -7.37097e-14  1.66609e-12  1.97421e-12 -4.79144e-13 -0.00467963   -0.999943  0.00956564   -0.999934  0.00477966   0.0104617  -0.0105068 -0.00951605     -0.9999
0.246962 0.276815 0.643941    8.799e-13 -8.03343e-13 -6.05504e-14  1.27971e-12  1.52359e-12 -3.43163e-13 -0.00467963   -0.999943  0.00956564   -0.999934  0.00477966   0.0104617  -0.0105068 -0.00951605     -0.9999
0.246962 0.276815 0.643941  6.80472e-13 -6.22063e-13    -4.91e-14  9.84789e-13  1.17682e-12 -2.45096e-13 -0.00467963   -0.999943  0.00956564   -0.999934  0.00477966   0.0104617  -0.0105068 -0.00951605     -0.9999
0.246962 0.276815 0.643941  5.27486e-13  -4.8267e-13 -3.96758e-14  7.59726e-13  9.11246e-13 -1.74459e-13 -0.00467963   -0.999943  0.00956564   -0.999934  0.00477966   0.0104617  -0.0105068 -0.00951605     -0.9999
0.246962 0.276815 0.643941  4.14011e-13 -3.72088e-13 -3.18473e-14  5.88261e-13   7.0762e-13 -1.20485e-13 -0.00467963   -0.999943  0.00956564   -0.999934  0.00477966   0.0104617  -0.0105068 -0.00951605     -0.9999
0.246962 0.276815 0.643941  3.22897e-13  -2.9561e-13 -2.58823e-14  4.60451e-13  5.55191e-13 -8.59434e-14 -0.00467963   -0.999943  0.00956564   -0.999934  0.00477966   0.0104617  -0.0105068 -0.00951605     -0.9999
0.246962 0.276815 0.643941  2.56208e-13 -2.26382e-13 -2.05431e-14  3.58044e-13  4.32724e-13 -5.67999e-14 -0.00467963   -0.999943  0.00956564   -0.999934  0.00477966   0.0104617  -0.0105068 -0.00951605     -0.9999
0.246962 0.276815 0.643941  1.99301e-13 -1.79856e-13 -1.71643e-14  2.79338e-13   3.4036e-13 -4.02828e-14 -0.00467963   -0.999943  0.00956564   -0.999934  0.00477966   0.0104617  -0.0105068 -0.00951605     -0.9999
0.246962 0.276815 0.643941  1.57105e-13 -1.43922e-13 -1.39299e-14   2.2075e-13  2.69648e-13 -2.81166e-14 -0.00467963   -0.999943  0.00956564   -0.999934  0.00477966   0.0104617  -0.0105068 -0.00951605     -0.9999
0.246962 0.276815 0.643941  1.26955e-13 -1.09817e-13 -1.06503e-14  1.73674e-13  2.11184e-13 -1.55056e-14 -0.00467963   -0.999943  0.00956564   -0.999934  0.00477966   0.0104617  -0.0105068 -0.00951605     -0.9999
0.246962 0.276815 0.643941  9.74077e-14 -8.79658e-14 -7.78939e-15  1.36151e-13  1.63495e-13 -1.04354e-14 -0.00467963   -0.999943  0.00956564   -0.999934  0.00477966   0.0104617  -0.0105068 -0.00951605     -0.9999
0.246962 0.276815 0.643941  7.78959e-14 -7.11335e-14 -6.45829e-15  1.08998e-13  1.31231e-13 -6.14302e-15 -0.00467963   -0.999943  0.00956564   -0.999934  0.00477966   0.0104617  -0.0105068 -0.00951605     -0.9999
0.246962 0.276815 0.643941  6.29465e-14 -5.47147e-14  -5.0821e-15  8.59322e-14  1.02988e-13 -2.59862e-15 -0.00467963   -0.999943  0.00956564   -0.999934  0.00477966   0.0104617  -0.0105068 -0.00951605     -0.9999
0.246962 0.276815 0.643941  5.46819e-14 -4.21804e-14 -5.46502e-15  6.88512e-14  8.78864e-14  -1.2895e-16 -0.00467963   -0.999943  0.00956564   -0.999934  0.00477966   0.0104617  -0.0105068 -0.00951605     -0.9999
0.246962 0.276815 0.643941  4.11598e-14 -3.65113e-14  -4.4909e-15  5.49203e-14  6.98121e-14 -9.65623e-16 -0.00467963   -0.999943  0.00956564   -0.999934  0.00477966   0.0104617  -0.0105068 -0.00951605     -0.9999
0.246962 0.276815 0.643941   3.4177e-14 -2.78302e-14 -3.57355e-15  4.35764e-14  5.57449e-14  1.21391e-15 -0.00467963   -0.999943  0.00956564   -0.999934  0.00477966   0.0104617  -0.0105068 -0.00951605     -0.9999
0.246962 0.276815 0.643941  2.54914e-14 -2.17894e-14 -2.15286e-15  3.40112e-14  4.16029e-14  1.25798e-15 -0.00467963   -0.999943  0.00956564   -0.999934  0.00477966   0.0104617  -0.0105068 -0.00951605     -0.9999
0.246962 0.276815 0.643941  2.15898e-14 -1.76246e-14 -2.03531e-15  2.78701e-14  3.51287e-14  1.42136e-15 -0.00467963   -0.999943  0.00956564   -0.999934  0.00477966   0.0104617  -0.0105068 -0.00951605     -0.9999
0.246962 0.276815 0.643941   1.5639e-14 -1.74932e-14 -1.70628e-15  2.34597e-14  2.94686e-14  3.59823e-17 -0.00467963   -0.999943  0.00956564   -0.999934  0.00477966   0.0104617  -0.0105068 -0.00951605     -0.9999
0.246962 0.276815 0.643941  1.29454e-14 -1.20921e-14 -7.16265e-16  1.87056e-14  2.12176e-14  1.30629e-15 -0.00467963   -0.999943  0.00956564   -0.999934  0.00477966   0.0104617  -0.0105068 -0.00951605     -0.9999
0.246962 0.276815 0.643941  8.75902e-15 -1.27354e-14 -9.33708e-16  1.52404e-14  1.80306e-14 -8.08009e-17 -0.00467963   -0.999943  0.00956564   -0.999934  0.00477966   0.0104617  -0.0105068 -0.00951605     -0.9999
0.246962 0.276815 0.643941  1.14126e-14  -8.0575e-15 -1.58705e-15  1.31734e-14  1.85773e-14  9.82368e-16 -0.00467963   -0.999943  0.00956564   -0.999934  0.00477966   0.0104617  -0.0105068 -0.00951605     -0.9999
0.246962 0.276815 0.643941  8.49184e-15 -6.55459e-15 -1.69528e-15  9.66452e-15  1.56929e-14  2.23059e-16 -0.00467963   -0.999943  0.00956564   -0.999934  0.00477966   0.0104617  -0.0105068 -0.00951605     -0.9999
0.246962 0.276815 0.643941  7.62357e-15 -4.75385e-15  -1.3685e-15  8.07762e-15  1.25223e-14  5.49652e-16 -0.00467963   -0.999943  0.00956564   -0.999934  0.00477966   0.0104617  -0.0105068 -0.00951605     -0.9999
0.246962 0.276815 0.643941  4.20365e-15 -3.17541e-15  5.98642e-16  6.31536e-15  4.07611e-15  2.00571e-15 -0.00467963   -0.999943  0.00956564   -0.999934  0.00477966   0.0104617  -0.0105068 -0.00951605     -0.9999
0.246962 0.276815 0.643941   6.4137e-15 -1.48348e-15 -5.32313e-16  5.28354e-15   7.3034e-15  2.11118e-15 -0.00467963   -0.999943  0.00956564   -0.999934  0.00477966   0.0104617  -0.0105068 -0.00951605     -0.9999
0.246962 0.276815 0.643941  3.37904e-15 -3.08537e-15 -3.65788e-16  4.54607e-15  5.41539e-15  5.11131e-16 -0.00467963   -0.999943  0.00956564   -0.999934  0.00477966   0.0104617  -0.0105068 -0.00951605     -0.9999
0.246962 0.276815 0.643941  4.28413e-15  -2.0427e-15 -5.79045e-16  4.41123e-15  6.17096e-15  1.11578e-15 -0.00467963   -0.999943  0.00956564   -0.999934  0.00477966   0.0104617  -0.0105068 -0.00951605     -0.9999
0.246962 0.276815 0.643941  2.46303e-15 -1.96164e-15 -4.28402e-16  2.85098e-15  4.66416e-15  3.02056e-16 -0.00467963   -0.999943  0.00956564   -0.999934  0.00477966   0.0104617  -0.0105068 -0.00951605     -0.9999
0.246962 0.276815 0.643941  6.66463e-16 -3.16441e-15 -4.90361e-16  2.83327e-15  4.44775e-15 -8.11529e-16 -0.00467963   -0.999943  0.00956564   -0.999934  0.00477966   0.0104617  -0.0105068 -0.00951605     -0.9999
0.246962 0.276815 0.643941  2.64573e-15 -1.35086e-15 -4.08111e-16  2.62573e-15  3.94124e-15  4.70143e-16 -0.00467963   -0.999943  0.00956564   -0.999934  0.00477966   0.0104617  -0.0105068 -0.00951605     -0.9999
0.246962 0.276815 0.643941   2.2452e-16 -5.29355e-16 -3.39516e-16  4.53129e-16  1.33406e-15 -3.35883e-16 -0.00467963   -0.999943  0.00956564   -0.999934  0.00477966   0.0104617  -0.0105068 -0.00951605     -0.9999
0.246962 0.276815 0.643941  1.04329e-15 -1.20062e-15 -3.68481e-16   1.0954e-15  2.73289e-15 -1.67514e-17 -0.00467963   -0.999943  0.00956564   -0.999934  0.00477966   0.0104617  -0.0105068 -0.00951605     -0.9999
0.246962 0.276815 0.643941  1.70281e-15  1.04903e-16 -2.43656e-16  8.80725e-16  1.83205e-15  6.21318e-16 -0.00467963   -0.999943  0.00956564   -0.999934  0.00477966   0.0104617  -0.0105068 -0.00951605     -0.9999
0.246962 0.276815 0.643941  2.68011e-16 -1.84699e-15 -3.35019e-16  9.41106e-16  2.35713e-15 -7.30194e-16 -0.00467963   -0.999943  0.00956564   -0.999934  0.00477966   0.0104617  -0.0105068 -0.00951605     -0.9999
