0.5665 -0.012 0.6521  6.94734e-18 -4.57935e-19  1.52581e-17 -1.02618e-17  -5.6913e-17 -2.83655e-18            1 -2.17485e-19 -9.53911e-19 -2.17485e-19           -1  -4.9313e-19 -9.53911e-19   4.9313e-19           -1
0.5665 -0.012 0.6521 -1.11933e-18  2.75788e-19  3.29654e-17 -1.72036e-18  6.48216e-17 -3.87705e-19            1 -1.72729e-19 -1.50198e-18 -1.72729e-19           -1 -3.40854e-19 -1.50198e-18  3.40854e-19           -1
0.5665 -0.012 0.6521  9.18166e-18  1.33769e-18  1.37372e-17   1.9351e-17 -1.64526e-17 -9.86457e-18            1 -2.32015e-19 -2.05294e-18 -2.32015e-19           -1 -4.72229e-19 -2.05294e-18  4.72229e-19           -1
  0.566496 -0.0119963     0.6521 -0.000380113  0.000350635 -1.61867e-06  1.95783e-07 -2.05068e-06  -0.00187925            1 -1.98296e-05 -6.95891e-08 -1.98296e-05           -1  3.40464e-10 -6.95891e-08 -3.39084e-10           -1
  0.566485 -0.0119859     0.6521  -0.00106576  0.000983143 -6.60097e-06  4.42781e-07 -1.14109e-06  -0.00526776            1 -7.54207e-05 -3.92101e-08 -7.54207e-05           -1 -6.62589e-11 -3.92101e-08  6.92162e-11           -1
  0.566464 -0.0119665     0.6521  -0.00199619   0.00184168 -1.35325e-05  7.43226e-07 -8.90487e-07   -0.0098661            1 -0.000179544 -9.31547e-08 -0.000179544           -1 -2.44387e-09 -9.31543e-08  2.46059e-09           -1
 0.566431 -0.011936    0.6521  -0.00312259   0.00288095 -2.11462e-05  1.12961e-06 -4.98114e-07   -0.0154318            1  -0.00034241 -3.27172e-08  -0.00034241           -1 -8.66574e-09 -3.27142e-08  8.67694e-09           -1
  0.566384 -0.0118931   0.652099  -0.00440497   0.00406427 -3.00559e-05   1.6186e-06  1.45296e-07   -0.0217685            1 -0.000572159 -4.03853e-08 -0.000572159           -1 -2.10027e-08 -4.03733e-08  2.10258e-08           -1
  0.566323 -0.0118365   0.652099  -0.00581117    0.0053619 -3.99135e-05  2.20887e-06   1.2291e-06   -0.0287172            1 -0.000875248 -7.15941e-08 -0.000875248           -1 -4.20064e-08 -7.15573e-08   4.2069e-08           -1
  0.566246 -0.0117652   0.652098  -0.00731529   0.00674976 -4.96541e-05  2.88499e-06  2.78253e-06    -0.036149     0.999999  -0.00125678  -9.1697e-09  -0.00125678    -0.999999  -7.4401e-08 -9.07618e-09  7.44125e-08           -1
  0.566152 -0.0116785   0.652098  -0.00889573   0.00820834 -5.97317e-05  3.60342e-06  1.13103e-06   -0.0439595     0.999999  -0.00172075 -9.47465e-08  -0.00172075    -0.999999 -1.20152e-07 -9.45396e-08  1.20315e-07           -1
   0.56604 -0.0115759   0.652097   -0.0105357   0.00972183 -6.99568e-05  4.34061e-06 -9.40124e-07   -0.0520643     0.999997  -0.00227026  3.91317e-08  -0.00227026    -0.999997 -1.82107e-07   3.9545e-08  1.82018e-07           -1
  0.565911 -0.0114568   0.652096   -0.0122216    0.0112774 -8.21489e-05  5.02136e-06  3.35335e-06   -0.0603948     0.999996   -0.0029077  4.71437e-08   -0.0029077    -0.999996 -2.61043e-07  4.79025e-08  2.60904e-07           -1
  0.565764 -0.0113209   0.652095   -0.0139417    0.0128647 -9.34177e-05  5.59995e-06  3.01398e-06   -0.0688956     0.999993  -0.00363486 -8.81793e-08  -0.00363486    -0.999993 -3.57688e-07 -8.68786e-08  3.58006e-07           -1
  0.565599 -0.0111681   0.652094   -0.0156874    0.0144754 -0.000104922  6.05791e-06  4.11784e-06   -0.0775218     0.99999 -0.00445307 1.57712e-08 -0.00445307    -0.99999 -4.7455e-07 1.78843e-08 4.74475e-07          -1
  0.565414 -0.0109981   0.652093   -0.0174508    0.0161025 -0.000116964  6.32514e-06  2.47267e-06    -0.086237     0.999986  -0.00536326   5.8262e-09  -0.00536326    -0.999986 -6.10109e-07   9.0983e-09  6.10069e-07           -1
  0.565212 -0.0108107   0.652092   -0.0192266    0.0177407 -0.000128783  6.35146e-06  3.79609e-06   -0.0950117      0.99998  -0.00636606 -8.56648e-08  -0.00636606     -0.99998 -7.64017e-07 -8.07992e-08  7.64547e-07           -1
  0.56499 -0.010606   0.65209   -0.0210096    0.0193854 -0.000141684  6.13333e-06  5.46548e-06    -0.103822     0.999972  -0.00746185 -4.22443e-08  -0.00746185    -0.999972 -9.37518e-07 -3.52475e-08  9.37807e-07           -1
  0.564749 -0.0103839   0.652089   -0.0227958     0.021033 -0.000152505  5.63768e-06  1.82924e-06    -0.112649     0.999963  -0.00865079 -2.84109e-08  -0.00865079    -0.999963 -1.12839e-06 -1.86484e-08  1.12859e-06           -1
   0.56449 -0.0101444   0.652087   -0.0245824    0.0226806 -0.000164862  4.80743e-06  1.66452e-06    -0.121476     0.999951  -0.00993288 -8.64909e-08  -0.00993288    -0.999951 -1.33472e-06 -7.32291e-08  1.33551e-06           -1
   0.564212 -0.00988752    0.652086   -0.0263666    0.0243258 -0.000178654   3.6546e-06  4.53774e-06    -0.130291     0.999936    -0.011308  4.65993e-10    -0.011308    -0.999936 -1.55801e-06  1.80839e-08   1.5579e-06           -1
   0.563914 -0.00961331    0.652084   -0.0281465    0.0259667 -0.000191787  2.14212e-06  6.17522e-06    -0.139084     0.999918   -0.0127759  1.30463e-08   -0.0127759    -0.999918 -1.79366e-06  3.59609e-08  1.79335e-06           -1
   0.563599 -0.00932183    0.652082   -0.0299201    0.0276017 -0.000204605  2.50787e-07  5.71759e-06    -0.147846     0.999897   -0.0143362 -9.78227e-08   -0.0143362    -0.999897 -2.03849e-06 -6.85884e-08  2.03969e-06           -1
   0.563264 -0.00901315     0.65208   -0.0316864    0.0292296 -0.000218508 -2.00548e-06  8.45533e-06    -0.156571     0.999872   -0.0159886 -7.63628e-08   -0.0159886    -0.999872 -2.29531e-06 -3.96542e-08  2.29624e-06           -1
   0.562911 -0.00868737    0.652078    -0.033444    0.0308494 -0.000231321 -4.62008e-06  6.80338e-06    -0.165253     0.999843   -0.0177326 -7.42885e-08   -0.0177326    -0.999843 -2.55934e-06 -2.88931e-08  2.56026e-06           -1
    0.56254 -0.00834457    0.652075   -0.0351922    0.0324601 -0.000243555 -7.63271e-06  4.53058e-06    -0.173888     0.999809   -0.0195676 -1.61474e-07   -0.0195676    -0.999809  -2.8265e-06 -1.06136e-07  2.82912e-06           -1
    0.56215 -0.00798486    0.652073   -0.0369303    0.0340613 -0.000258533 -1.10446e-05  9.48474e-06    -0.182472     0.999769   -0.0214931 -8.30116e-08   -0.0214931    -0.999769  -3.1014e-06 -1.63337e-08  3.10247e-06           -1
   0.561743 -0.00760834     0.65207   -0.0386574    0.0356522  -0.00027168 -1.48427e-05  7.58751e-06    -0.191002     0.999724   -0.0235086 -2.07884e-07   -0.0235086    -0.999724 -3.37142e-06  -1.2857e-07  3.37537e-06           -1
   0.561317 -0.00721513    0.652068   -0.0403735    0.0372325 -0.000285203 -1.90194e-05  8.34745e-06    -0.199476     0.999672   -0.0256134 -2.14482e-07   -0.0256134    -0.999672 -3.64382e-06 -1.21081e-07  3.64812e-06           -1
   0.560873 -0.00680534    0.652065   -0.0420779    0.0388019 -0.000298921 -2.35604e-05  8.84867e-06    -0.207892     0.999613   -0.0278068  -1.5655e-07   -0.0278068    -0.999613 -3.91543e-06 -4.76138e-08  3.91826e-06           -1
  0.560411 -0.0063791   0.652062   -0.0437702      0.04036 -0.000312749 -2.85103e-05  8.35012e-06    -0.216248     0.999547   -0.0300883 -2.29448e-07   -0.0300883    -0.999547 -4.17665e-06 -1.03675e-07  4.18166e-06           -1
   0.559931 -0.00593651    0.652059   -0.0454505    0.0419066 -0.000328129 -3.38946e-05  1.30923e-05    -0.224544     0.999473   -0.0324572 -2.80667e-07   -0.0324572    -0.999473  -4.4308e-06 -1.36708e-07  4.43758e-06           -1
   0.559434 -0.00547771    0.652056   -0.0471181    0.0434415 -0.000340782 -3.95518e-05  9.99361e-06    -0.232778      0.99939   -0.0349127 -2.93827e-07   -0.0349127     -0.99939 -4.67669e-06 -1.30372e-07  4.68409e-06           -1
    0.55892 -0.00500281    0.652052   -0.0487733    0.0449646 -0.000355317 -4.56672e-05  1.19746e-05    -0.240949     0.999298   -0.0374542 -3.79305e-07   -0.0374542    -0.999298 -4.90695e-06 -1.95253e-07  4.91772e-06           -1
   0.558388 -0.00451195    0.652049   -0.0504157    0.0464757 -0.000368708 -5.20929e-05  1.05363e-05    -0.249057     0.999196   -0.0400809 -4.22617e-07   -0.0400809    -0.999196 -5.12495e-06 -2.16865e-07  5.13777e-06           -1
   0.557839 -0.00400526    0.652045   -0.0520453    0.0479748 -0.000384006 -5.89779e-05   1.3565e-05    -0.257101     0.999084   -0.0427922 -5.55113e-07   -0.0427922    -0.999084 -5.32141e-06  -3.2689e-07  5.34029e-06           -1
   0.557273 -0.00348285    0.652042   -0.0536617    0.0494618 -0.000398013 -6.61124e-05  1.22878e-05    -0.265081      0.99896   -0.0455873 -5.55115e-07   -0.0455873     -0.99896   -5.507e-06 -3.03489e-07  5.52658e-06           -1
    0.55669 -0.00294486    0.652038   -0.0552654    0.0509366   -0.0004116 -7.36661e-05  1.20805e-05    -0.272996     0.998825   -0.0484655  -6.8659e-07   -0.0484655    -0.998825 -5.66382e-06 -4.11283e-07  5.69044e-06           -1
    0.55609 -0.00239142    0.652034   -0.0568559    0.0523991 -0.000427193 -8.16159e-05  1.58599e-05    -0.280847     0.998677    -0.051426 -7.45362e-07    -0.051426    -0.998677 -5.80268e-06 -4.45967e-07  5.83333e-06           -1
   0.555474 -0.00182265     0.65203   -0.0584333    0.0538493  -0.00044042 -8.98062e-05  1.44653e-05    -0.288632     0.998516   -0.0544682 -7.65633e-07   -0.0544682    -0.998516 -5.91994e-06 -4.42048e-07  5.95286e-06           -1
   0.554841 -0.00123869    0.652026   -0.0599975    0.0552872 -0.000455111 -9.84354e-05  1.56477e-05    -0.296352      0.99834   -0.0575911 -9.06411e-07   -0.0575911     -0.99834 -6.00175e-06  -5.5926e-07  6.04399e-06           -1
   0.554192 -0.00063966    0.652022   -0.0615484    0.0567128 -0.000469062 -0.000107286  1.48028e-05    -0.304007      0.99815   -0.0607942 -8.57298e-07   -0.0607942     -0.99815 -6.07035e-06  -4.8667e-07  6.11124e-06           -1
    0.553526 -2.57011e-05     0.652017   -0.0630862    0.0581261 -0.000483907 -0.000116627  1.71229e-05    -0.311596     0.997945   -0.0640765 -1.01767e-06   -0.0640765    -0.997945 -6.09165e-06 -6.25248e-07  6.14434e-06           -1
   0.552845 0.000603062    0.652013   -0.0646106    0.0595269 -0.000498337 -0.000126234  1.79846e-05    -0.319119     0.997724   -0.0674374 -1.08568e-06   -0.0674374    -0.997724 -6.08872e-06   -6.726e-07  6.14807e-06           -1
 0.552147 0.0012465  0.652008   -0.0661217    0.0609154 -0.000512446 -0.000136169  1.75911e-05    -0.326577     0.997485    -0.070876 -1.22403e-06    -0.070876    -0.997485  -6.0454e-06 -7.92481e-07  6.11695e-06           -1
  0.551434 0.00190447   0.652004   -0.0676196    0.0622915  -0.00052781 -0.000146488  2.10797e-05    -0.333969     0.997229   -0.0743915 -1.25849e-06   -0.0743915    -0.997229 -5.97673e-06 -8.10383e-07  6.05379e-06           -1
  0.550705 0.00257686   0.651999   -0.0691043    0.0636551 -0.000540816 -0.000157069  2.10938e-05    -0.341295     0.996955   -0.0779833 -1.35657e-06   -0.0779833    -0.996955 -5.86464e-06 -8.95092e-07  5.95257e-06           -1
  0.549961 0.00326353   0.651994   -0.0705752    0.0650064 -0.000555553 -0.000167948  2.04098e-05    -0.348555     0.996661   -0.0816503 -1.45662e-06   -0.0816503    -0.996661 -5.71355e-06 -9.85238e-07  5.81341e-06           -1
  0.549201 0.00396435   0.651989    -0.072033    0.0663453 -0.000569396 -0.000179227  2.13338e-05    -0.355749     0.996347   -0.0853919 -1.61625e-06   -0.0853919    -0.996347 -5.51519e-06 -1.13939e-06  5.63306e-06           -1
  0.548426 0.00467919   0.651983   -0.0734775    0.0676717 -0.000584162 -0.000190874  2.39146e-05    -0.362878     0.996013   -0.0892073 -1.76797e-06   -0.0892073    -0.996013 -5.27517e-06 -1.29034e-06  5.41185e-06           -1
  0.547636 0.00540791   0.651978   -0.0749084    0.0689857 -0.000597192 -0.000202625  2.09239e-05     -0.36994     0.995657   -0.0930955 -1.85643e-06   -0.0930955    -0.995657  -4.9993e-06 -1.38295e-06  5.15042e-06           -1
  0.546831 0.00615039   0.651973   -0.0763263    0.0702873 -0.000611408 -0.000214965   2.4262e-05    -0.376937     0.995279   -0.0970558 -2.04887e-06   -0.0970558    -0.995279  -4.6649e-06 -1.58644e-06  4.84174e-06           -1
  0.546012 0.00690649   0.651967   -0.0777306    0.0715765 -0.000626026  -0.00022756  2.67854e-05    -0.383867     0.994878    -0.101087 -2.16985e-06    -0.101087    -0.994878 -4.29302e-06 -1.72476e-06  4.49037e-06           -1
  0.545177 0.00767609   0.651961   -0.0791214    0.0728532 -0.000639724 -0.000240341  2.59638e-05    -0.390732     0.994452    -0.105189 -2.26673e-06    -0.105189    -0.994452 -3.87671e-06 -1.84636e-06  4.09364e-06           -1
  0.544328 0.00845905   0.651955    -0.080499    0.0741176 -0.000654061  -0.00025361  2.90269e-05     -0.39753     0.994002    -0.109361  -2.3989e-06    -0.109361    -0.994002 -3.40615e-06 -2.01201e-06  3.64806e-06           -1
  0.543465 0.00925524    0.65195    -0.081863    0.0753695 -0.000668275 -0.000267202  3.08566e-05    -0.404263     0.993526    -0.113601 -2.61568e-06    -0.113601    -0.993526 -2.87168e-06 -2.27252e-06  3.15023e-06           -1
 0.542588 0.0100645  0.651944   -0.0832138    0.0766091 -0.000682376  -0.00028111  3.36296e-05     -0.41093     0.993024    -0.117909 -2.73585e-06    -0.117909    -0.993024 -2.30015e-06 -2.44556e-06  2.60668e-06           -1
 0.541696 0.0108868  0.651937   -0.0845508    0.0778362 -0.000695916 -0.000295228  3.28396e-05     -0.41753     0.992495    -0.122283 -2.91816e-06    -0.122283    -0.992495 -1.66512e-06 -2.69265e-06  2.00946e-06           -1
  0.54079 0.0117219  0.651931   -0.0858747     0.079051 -0.000708687 -0.000309614  3.22384e-05    -0.424065     0.991938    -0.126724  -2.9699e-06    -0.126724    -0.991938   -9.977e-07 -2.81952e-06  1.36601e-06           -1
 0.539871 0.0125697  0.651925   -0.0871851    0.0802533 -0.000722164 -0.000324571  3.50475e-05    -0.430533     0.991352     -0.13123 -3.17727e-06     -0.13123    -0.991352   -2.472e-07 -3.11736e-06  6.62016e-07           -1
 0.538938 0.0134301  0.651918   -0.0884819    0.0814433 -0.000734853 -0.000339552  3.28937e-05    -0.436936     0.990736      -0.1358 -3.22661e-06      -0.1358    -0.990736  5.30941e-07 -3.26882e-06 -8.78485e-08           -1
 0.537992 0.0143029  0.651912   -0.0897654    0.0826208  -0.00074871 -0.000355181  3.57718e-05    -0.443273      0.99009    -0.140434   -3.385e-06    -0.140434     -0.99009  1.38763e-06 -3.54633e-06 -8.98514e-07           -1
 0.537032 0.0151881  0.651905  -0.0910355   0.0837861 -0.00076271 -0.00037119 3.81367e-05   -0.449543     0.989413    -0.145129 -3.58452e-06    -0.145129    -0.989413  2.31152e-06 -3.88204e-06 -1.76683e-06           -1
 0.536058 0.0160854  0.651898   -0.0922921    0.0849389 -0.000774721 -0.000387362  3.77772e-05    -0.455748     0.988703    -0.149887 -3.72285e-06    -0.149887    -0.988703  3.28419e-06 -4.17305e-06 -2.68908e-06           -1
 0.535072 0.0169948  0.651891   -0.0935355    0.0860793  -0.00078877 -0.000404317   4.3412e-05    -0.461887     0.987961    -0.154704 -3.96291e-06    -0.154704    -0.987961   4.3401e-06 -4.58664e-06 -3.67477e-06           -1
 0.534073 0.0179161  0.651884   -0.0947651    0.0872074 -0.000800569 -0.000421111   4.0804e-05     -0.46796     0.987185    -0.159582 -4.07621e-06    -0.159582    -0.987185  5.43229e-06 -4.89087e-06 -4.71218e-06           -1
 0.533061 0.0188492  0.651877   -0.0959813    0.0883231 -0.000813909 -0.000438555  4.38485e-05    -0.473967     0.986374    -0.164518 -4.10709e-06    -0.164518    -0.986374  6.56862e-06 -5.13178e-06 -5.80343e-06           -1
 0.532036 0.0197939   0.65187   -0.0971842    0.0894265 -0.000827048 -0.000456633  4.74131e-05    -0.479908     0.985528    -0.169511 -4.40677e-06    -0.169511    -0.985528  7.83205e-06 -5.67062e-06  -6.9717e-06           -1
 0.530999 0.0207502  0.651863   -0.0983736    0.0905175 -0.000839402 -0.000474872  4.87609e-05    -0.485783     0.984646    -0.174562   -4.531e-06    -0.174562    -0.984646  9.12118e-06 -6.05364e-06  -8.1902e-06           -1
 0.529949 0.0217178  0.651855   -0.0995494    0.0915963 -0.000851677 -0.000493577   4.9731e-05    -0.491592     0.983727    -0.179668 -4.72104e-06    -0.179668    -0.983727  1.04935e-05 -6.52957e-06 -9.47456e-06           -1
 0.528887 0.0226968  0.651848    -0.100712    0.0926626 -0.000864874 -0.000512885  5.46968e-05    -0.497335     0.982771    -0.184828 -4.75091e-06    -0.184828    -0.982771  1.18939e-05  -6.8674e-06 -1.08109e-05           -1
 0.527813 0.0236868   0.65184    -0.101861    0.0937167 -0.000875938 -0.000532406  5.38641e-05    -0.503012     0.981776    -0.190043 -4.96893e-06    -0.190043    -0.981776  1.34124e-05 -7.42732e-06 -1.22237e-05           -1
 0.526727 0.0246879  0.651832    -0.102996    0.0947584 -0.000888239 -0.000552507   5.6483e-05    -0.508624     0.980742     -0.19531 -5.02776e-06     -0.19531    -0.980742  1.49595e-05 -7.85268e-06 -1.36895e-05           -1
  0.52563 0.0256999  0.651825    -0.104118    0.0957879 -0.000899834 -0.000573036  5.70386e-05    -0.514168     0.979667    -0.200629 -5.14646e-06    -0.200629    -0.979667  1.65944e-05 -8.37113e-06 -1.52245e-05           -1
  0.52452 0.0267226  0.651817    -0.105227     0.096805 -0.000911788 -0.000594271  5.99735e-05    -0.519648     0.978552    -0.205998  -5.3179e-06    -0.205998    -0.978552  1.83179e-05  -8.9773e-06 -1.68296e-05           -1
 0.523399 0.0277559  0.651809    -0.106322      0.09781 -0.000923049 -0.000615766  5.97126e-05    -0.525061     0.977396    -0.211417 -5.40456e-06    -0.211417    -0.977396  2.00912e-05 -9.53001e-06 -1.84944e-05           -1
 0.522267 0.0287996  0.651801    -0.107403    0.0988025 -0.000935092 -0.000638126   6.3422e-05     -0.53041     0.976197    -0.216885 -5.50297e-06    -0.216885    -0.976197  2.19445e-05 -1.01314e-05 -2.02287e-05           -1
 0.521123 0.0298538  0.651792    -0.108472    0.0997828 -0.000947284 -0.000661225  6.82315e-05    -0.535691     0.974956      -0.2224 -5.70114e-06      -0.2224    -0.974956  2.39057e-05  -1.0875e-05 -2.20391e-05           -1
 0.519968 0.0309181  0.651784    -0.109526     0.100751 -0.000958767 -0.000684665  7.08431e-05    -0.540906      0.97367    -0.227961 -5.74486e-06    -0.227961     -0.97367  2.58964e-05  -1.1497e-05  -2.3905e-05           -1
 0.518803 0.0319925  0.651776    -0.110567     0.101707 -0.000969161 -0.000708497   7.0779e-05    -0.546057      0.97234    -0.233568 -5.79841e-06    -0.233568     -0.97234  2.79715e-05 -1.21713e-05 -2.58435e-05           -1
 0.517626 0.0330769  0.651768    -0.111595      0.10265 -0.000980653 -0.000733528  7.67086e-05    -0.551141     0.970966    -0.239219 -5.83567e-06    -0.239219    -0.970966  3.01216e-05 -1.28719e-05  -2.7851e-05           -1
 0.516439 0.0341711  0.651759    -0.112609     0.103582 -0.000990911 -0.000758554   7.4529e-05     -0.55616     0.969545    -0.244914 -5.92222e-06    -0.244914    -0.969545  3.23712e-05   -1.367e-05 -2.99349e-05           -1
 0.515241 0.0352751  0.651751     -0.11361     0.104501  -0.00100418 -0.000785295  8.47348e-05    -0.561112     0.968078     -0.25065 -5.87891e-06     -0.25065    -0.968078  3.46601e-05 -1.43788e-05 -3.20801e-05           -1
 0.514033 0.0363885  0.651742    -0.114597     0.105408  -0.00101398 -0.000812019  8.47038e-05    -0.565998     0.966563    -0.256428 -5.97149e-06    -0.256428    -0.966563   3.7084e-05 -1.52812e-05 -3.43128e-05           -1
 0.512814 0.0375114  0.651733     -0.11557     0.106302  -0.00102545 -0.000839849  8.90377e-05    -0.570819     0.965001    -0.262245 -6.05428e-06    -0.262245    -0.965001   3.9593e-05 -1.62254e-05 -3.66196e-05           -1
 0.511585 0.0386436  0.651724     -0.11653     0.107185  -0.00103552 -0.000868238  9.16483e-05    -0.575574     0.963391    -0.268101 -6.00705e-06    -0.268101    -0.963391  4.21443e-05 -1.70861e-05 -3.89909e-05           -1
0.510347 0.039785 0.651715    -0.117477     0.108055    -0.001047 -0.000897969  9.85156e-05    -0.580263     0.961731    -0.273995 -6.00106e-06    -0.273995    -0.961731  4.48016e-05 -1.80468e-05 -4.14428e-05           -1
 0.509098 0.0409355  0.651707     -0.11841     0.108914   -0.0010573 -0.000927981  0.000100587    -0.584887     0.960022    -0.279925 -5.92607e-06    -0.279925    -0.960022  4.75262e-05 -1.89929e-05 -4.39674e-05           -1
  0.50784 0.0420948  0.651698     -0.11933      0.10976  -0.00106818 -0.000959206  0.000105441    -0.589444     0.958262    -0.285891 -5.81141e-06    -0.285891    -0.958262  5.03303e-05 -1.99578e-05 -4.65682e-05           -1
 0.506572 0.0432629  0.651689    -0.120236     0.110594  -0.00107925 -0.000991352  0.000110405    -0.593937     0.956452    -0.291891 -5.64624e-06    -0.291891    -0.956452   5.3208e-05 -2.09313e-05 -4.92428e-05           -1
 0.505295 0.0444397  0.651679   -0.121128    0.111416 -0.00108908 -0.00102452 0.000114483   -0.598362      0.95459    -0.297924 -5.63905e-06    -0.297924     -0.95459  5.62526e-05 -2.21419e-05 -5.20181e-05           -1
0.504009 0.045625  0.65167   -0.122007    0.112225 -0.00110046 -0.00105895 0.000121471   -0.602723     0.952676    -0.303988 -5.46721e-06    -0.303988    -0.952676  5.93303e-05 -2.32442e-05 -5.48606e-05           -1
 0.502713 0.0468186  0.651661   -0.122872    0.113023 -0.00110945 -0.00109348 0.000121231   -0.607018     0.950709    -0.310084 -5.18531e-06    -0.310084    -0.950709  6.24603e-05 -2.42977e-05 -5.77737e-05           -1
 0.501409 0.0480206  0.651652   -0.123724    0.113809 -0.00112189 -0.00113046 0.000131446   -0.611246      0.94869    -0.316209 -5.01418e-06    -0.316209     -0.94869  6.57457e-05 -2.55463e-05 -6.07868e-05           -1
 0.500095 0.0492306  0.651643   -0.124562    0.114582 -0.00113245 -0.00116818 0.000138946    -0.61541     0.946616    -0.322362 -4.77494e-06    -0.322362    -0.946616  6.91079e-05 -2.67978e-05 -6.38794e-05           -1
 0.498773 0.0504487  0.651633   -0.125387    0.115344 -0.00114258 -0.00120672  0.00014263   -0.619508     0.944489    -0.328543 -4.51434e-06    -0.328543    -0.944489  7.25741e-05 -2.81074e-05 -6.70623e-05           -1
 0.497442 0.0516746  0.651624   -0.126198    0.116093 -0.00115381 -0.00124697  0.00015101    -0.62354     0.942307    -0.334749 -4.17239e-06    -0.334749    -0.942307  7.61121e-05 -2.94101e-05 -7.03243e-05           -1
 0.496103 0.0529083  0.651615   -0.126995    0.116831 -0.00116461 -0.00128831 0.000158576   -0.627507      0.94007     -0.34098 -3.76839e-06     -0.34098     -0.94007  7.97317e-05 -3.07295e-05 -7.36684e-05           -1
 0.494756 0.0541495  0.651605   -0.127779    0.117557   -0.001176 -0.00133091 0.000164948   -0.631407     0.937778    -0.347235 -3.32198e-06    -0.347235    -0.937778  8.34478e-05 -3.20913e-05  -7.7102e-05           -1
   0.4934 0.0553983  0.651596   -0.128549     0.11827 -0.00118782 -0.00137554 0.000176787   -0.635242      0.93543    -0.353512  -2.8338e-06    -0.353512     -0.93543  8.72577e-05 -3.34975e-05 -8.06217e-05           -1
 0.492036 0.0566543  0.651586   -0.129306    0.118972 -0.00119859 -0.00142103 0.000184509   -0.639012     0.933025    -0.359811 -2.26855e-06    -0.359811    -0.933025  9.11503e-05 -3.49135e-05 -8.42293e-05           -1
 0.490665 0.0579176  0.651577   -0.130049    0.119662 -0.00120995 -0.00146836 0.000194396   -0.642716     0.930564    -0.366129  -1.6961e-06    -0.366129    -0.930564  9.51621e-05 -3.64199e-05 -8.79334e-05           -1
0.489286 0.059188 0.651567   -0.130778    0.120339 -0.00122325 -0.00151754 0.000206281   -0.646356     0.928046    -0.372466 -1.06648e-06    -0.372466    -0.928046  9.92706e-05 -3.79646e-05 -9.17305e-05           -1
 0.487899 0.0604653  0.651558   -0.131494    0.121005 -0.00123433 -0.00156755 0.000214153   -0.649928      0.92547     -0.37882 -3.11939e-07     -0.37882     -0.92547  0.000103432 -3.94707e-05 -9.56049e-05           -1
 0.486504 0.0617495  0.651548   -0.132196     0.12166  -0.0012475 -0.00162034 0.000229332   -0.653436     0.922837    -0.385191  4.64276e-07     -0.38519    -0.922837  0.000107711 -4.10607e-05 -9.95783e-05           -1
 0.485103 0.0630403  0.651539   -0.132883    0.122302 -0.00126212 -0.00167478 0.000245131   -0.656879     0.920146    -0.391576  1.37539e-06    -0.391576    -0.920146  0.000112037 -4.26053e-05 -0.000103629           -1
 0.483694 0.0643377  0.651529   -0.133558    0.122932 -0.00127353 -0.00173017  0.00025386   -0.660255     0.917396    -0.397975  2.25276e-06    -0.397975    -0.917396  0.000116513 -4.43025e-05 -0.000107785           -1
 0.482278 0.0656415   0.65152   -0.134218    0.123551 -0.00128817 -0.00178864 0.000272565   -0.663567     0.914588    -0.404387  3.35327e-06    -0.404387    -0.914588  0.000120984 -4.58577e-05 -0.000112007           -1
 0.480855 0.0669516   0.65151   -0.134865    0.124158 -0.00130223  -0.0018484 0.000285278   -0.666812     0.911721     -0.41081  4.38631e-06     -0.41081    -0.911721  0.000125629 -4.76107e-05 -0.000116341           -1
 0.479425 0.0682679  0.651501   -0.135498    0.124754 -0.00131934 -0.00191147 0.000308423   -0.669993     0.908795    -0.417243  5.66364e-06    -0.417243    -0.908795  0.000130253 -4.92002e-05 -0.000120737           -1
 0.477989 0.0695903  0.651492   -0.136116    0.125337 -0.00133455 -0.00197575   0.0003269    -0.67311     0.90581   -0.423685 7.02447e-06   -0.423685    -0.90581 0.000134944 -5.0811e-05 -0.00012521          -1
 0.476546 0.0709185  0.651482   -0.136721    0.125909 -0.00135094 -0.00204282 0.000347555   -0.676159     0.902765    -0.430134  8.37577e-06    -0.430134    -0.902765   0.00013977 -5.25587e-05 -0.000129783           -1
 0.475097 0.0722524  0.651473   -0.137312     0.12647 -0.00136864 -0.00211199 0.000368966   -0.679145     0.899661     -0.43659  9.93975e-06     -0.43659    -0.899661  0.000144579 -5.41795e-05 -0.000134412           -1
 0.473642 0.0735921  0.651464   -0.137889    0.127019 -0.00138632 -0.00218361 0.000391823   -0.682065     0.896497     -0.44305  1.16805e-05     -0.44305    -0.896497  0.000149387 -5.57145e-05   -0.0001391           -1
  0.47218 0.0749372  0.651455   -0.138452    0.127556 -0.00140611 -0.00225863 0.000419728   -0.684919     0.893273    -0.449515  1.34363e-05    -0.449515    -0.893273  0.000154301 -5.73584e-05 -0.000143873           -1
 0.470713 0.0762877  0.651446   -0.139001    0.128082  -0.0014273 -0.00233632 0.000449852    -0.68771     0.889989    -0.455981  1.53958e-05    -0.455981    -0.889989  0.000159186 -5.88836e-05 -0.000148694           -1
  0.46924 0.0776434  0.651437   -0.139535    0.128596 -0.00144888 -0.00241673 0.000480028   -0.690433     0.886646     -0.46245  1.74194e-05     -0.46245    -0.886646  0.000164109 -6.04472e-05 -0.000153562           -1
 0.467761 0.0790043  0.651429   -0.140056      0.1291 -0.00147089 -0.00249991 0.000511453   -0.693093     0.883242    -0.468918  1.96616e-05    -0.468918    -0.883242  0.000168971 -6.18676e-05 -0.000158462           -1
 0.466276 0.0803701   0.65142   -0.140561    0.129592 -0.00149681 -0.00258726 0.000549728   -0.695687     0.879778    -0.475385  2.20943e-05    -0.475385    -0.879778  0.000173776 -6.31724e-05 -0.000163388           -1
 0.464786 0.0817407  0.651412   -0.141053    0.130073 -0.00152203 -0.00267735 0.000586756   -0.698217     0.876254    -0.481849  2.46236e-05    -0.481849    -0.876254  0.000178572 -6.44684e-05  -0.00016834           -1
  0.46329 0.0831161  0.651404    -0.14153    0.130542 -0.00154971  -0.0027709 0.000627597   -0.700683      0.87267     -0.48831  2.73828e-05     -0.48831     -0.87267  0.000183231 -6.55773e-05 -0.000173271           -1
 0.46179 0.084496 0.651396   -0.141993    0.131001 -0.00158029 -0.00286924 0.000676157   -0.703082     0.869026    -0.494766  3.03923e-05    -0.494766    -0.869026  0.000187721  -6.6466e-05 -0.000178171           -1
 0.460284 0.0858804  0.651389   -0.142441    0.131448 -0.00161106 -0.00297102 0.000724905   -0.705417     0.865322    -0.501216  3.35403e-05    -0.501216    -0.865322  0.000192126 -6.72733e-05 -0.000183062           -1
0.458773 0.087269 0.651381   -0.142873    0.131885 -0.00164496 -0.00307666 0.000776636   -0.707687     0.861559    -0.507658  3.69929e-05    -0.507658    -0.861559  0.000196236 -6.77494e-05 -0.000187849           -1
 0.457258 0.0886618  0.651374   -0.143292    0.132311 -0.00168083 -0.00318756  0.00083332   -0.709893     0.857735    -0.514092   4.0499e-05    -0.514092    -0.857735  0.000200261  -6.8215e-05 -0.000192591           -1
 0.455737 0.0900586  0.651368   -0.143695    0.132727 -0.00172034 -0.00330353 0.000897495   -0.712034     0.853852    -0.520516  4.44575e-05    -0.520516    -0.853852  0.000203825 -6.81337e-05 -0.000197177           -1
 0.454212 0.0914593  0.651362   -0.144083    0.133133 -0.00176112 -0.00342458 0.000964991    -0.71411      0.84991    -0.526929  4.85562e-05    -0.526929     -0.84991  0.000207128 -6.78733e-05 -0.000201626           -1
 0.452683 0.0928638  0.651356   -0.144456    0.133527 -0.00180618 -0.00355119   0.0010385   -0.716121     0.845908    -0.533329  5.31029e-05    -0.533329    -0.845908  0.000209869  -6.7009e-05 -0.000205851           -1
 0.451149 0.0942718  0.651351   -0.144814    0.133912 -0.00185467 -0.00368446  0.00111968   -0.718068     0.841847    -0.539716  5.78102e-05    -0.539716    -0.841847  0.000212258 -6.58916e-05  -0.00020989           -1
  0.44961 0.0956833  0.651347   -0.145156    0.134288 -0.00190604 -0.00382392  0.00120409   -0.719951     0.837728    -0.546088  6.29475e-05    -0.546088    -0.837728  0.000213961 -6.41086e-05 -0.000213616           -1
 0.448068 0.0970981  0.651343   -0.145483    0.134654 -0.00196217  -0.0039716  0.00130041   -0.721769      0.83355    -0.552445  6.83523e-05    -0.552445     -0.83355  0.000215076 -6.18427e-05 -0.000217038           -1
 0.446521 0.0985161   0.65134   -0.145793     0.13501 -0.00202278 -0.00412638  0.00140164   -0.723524     0.829313    -0.558784  7.41971e-05    -0.558784    -0.829313  0.000215369 -5.88123e-05 -0.000220069           -1
  0.44497 0.0999371  0.651338   -0.146087    0.135357  -0.0020875 -0.00429017  0.00151143   -0.725213     0.825019    -0.565105  8.04709e-05    -0.565105    -0.825019  0.000214754 -5.49688e-05 -0.000222651           -1
0.443415 0.101361 0.651337   -0.146365    0.135697 -0.00215922 -0.00446507  0.00163561   -0.726838     0.820667    -0.571407  8.70914e-05    -0.571407    -0.820667  0.000213219 -5.03617e-05 -0.000224746           -1
0.441855 0.102788 0.651337   -0.146626    0.136028 -0.00223533 -0.00465005  0.00176551   -0.728401     0.816258    -0.577688  9.41914e-05    -0.577688    -0.816258  0.000210571 -4.47598e-05 -0.000226294           -1
0.440292 0.104217 0.651338    -0.14687    0.136353 -0.00231872 -0.00484815  0.00190764   -0.729897     0.811792    -0.583947  0.000101995    -0.583947    -0.811792  0.000206486 -3.77781e-05 -0.000227183           -1
0.438725 0.105649  0.65134   -0.147097     0.13667 -0.00241177 -0.00506095  0.00206743   -0.731332     0.807269    -0.590183  0.000110214    -0.590183    -0.807269  0.000201151 -2.97437e-05 -0.000227429           -1
0.437154 0.107082 0.651344  -0.147305   0.136982 -0.0025129 -0.0052907 0.00224314  -0.732702     0.802691    -0.596395  0.000119033    -0.596395    -0.802691  0.000194309 -2.03381e-05 -0.000226961           -1
0.435579 0.108519  0.65135   -0.147493    0.137289 -0.00262672 -0.00554006  0.00243568   -0.734009     0.798057    -0.602582  0.000128591    -0.602582    -0.798057  0.000185754 -9.30894e-06 -0.000225729           -1
   0.434 0.109957 0.651357   -0.147661    0.137593 -0.00275113 -0.00581115   0.0026489   -0.735255     0.793368    -0.608743   0.00013902    -0.608743    -0.793368  0.000175313  3.57335e-06 -0.000223715           -1
0.432418 0.111397 0.651366   -0.147807    0.137895 -0.00289292 -0.00610994  0.00288749   -0.736438    0.788624   -0.614876 0.000150126   -0.614876   -0.788624 0.000163223 1.80312e-05 -0.00022103          -1
0.430831 0.112839 0.651377   -0.147928    0.138197 -0.00305489 -0.00644158  0.00316144   -0.737561     0.783826    -0.620981  0.000162076    -0.620981    -0.783826  0.000149386   3.4273e-05 -0.000217739           -1
 0.42924 0.114283  0.65139   -0.148022      0.1385 -0.00324028 -0.00681011  0.00346929   -0.738623     0.778974    -0.627056  0.000175183    -0.627056    -0.778974  0.000133626  5.26719e-05 -0.000213941           -1
0.427646 0.115729 0.651405   -0.148085    0.138807 -0.00345647 -0.00722325  0.00382557   -0.739627     0.774069    -0.633101  0.000189085    -0.633101    -0.774069  0.000116675  7.24975e-05 -0.000210025           -1
0.426048 0.117176 0.651422   -0.148111    0.139121 -0.00370924 -0.00768939  0.00423491   -0.740576     0.769111    -0.639115  0.000204095    -0.639115    -0.769111  9.86423e-05  9.39281e-05 -0.000206307           -1
0.424447 0.118625 0.651441   -0.148095    0.139444 -0.00400827 -0.00821764  0.00471656   -0.741471     0.764102    -0.645096  0.000220181    -0.645096    -0.764102  8.02905e-05  0.000116445 -0.000203388           -1
0.422842 0.120076 0.651461   -0.148029    0.139779   -0.004363 -0.00881545  0.00527562   -0.742312      0.75904    -0.651044  0.000237323    -0.651044     -0.75904  6.25723e-05  0.000139401 -0.000202003           -1
0.421235 0.121529 0.651482   -0.147903    0.140127 -0.00478724 -0.00949303  0.00593671   -0.743107     0.753928    -0.656957  0.000255499    -0.656957    -0.753928  4.67167e-05  0.000161937 -0.000203073           -1
0.419626 0.122985 0.651503   -0.147708    0.140489 -0.00529218  -0.0102569  0.00671169   -0.743859     0.748764    -0.662837  0.000274592    -0.662837    -0.748764  3.44801e-05   0.00018275 -0.000207827           -1
0.418016 0.124442 0.651523   -0.147432    0.140868 -0.00588881  -0.0111109  0.00761831   -0.744565      0.74355     -0.66868  0.000294447     -0.66868     -0.74355  2.77514e-05   0.00020038 -0.000217526           -1
0.416405 0.125903  0.65154   -0.147067     0.14126 -0.00658813  -0.0120545  0.00866816   -0.745233    0.738286   -0.674488 0.000314613   -0.674488   -0.738286 2.91861e-05 0.000212589 -0.00023375          -1
0.414795 0.127366 0.651554   -0.146604    0.141662 -0.00739835  -0.0130799   0.0098729   -0.745862     0.732972    -0.680259  0.000334904    -0.680259    -0.732972   4.1258e-05  0.000217409 -0.000258062           -1
0.413188 0.128833 0.651563   -0.146038    0.142069 -0.00831752  -0.0141709   0.0112219   -0.746446     0.727608    -0.685993  0.000354855    -0.685993    -0.727608   6.6786e-05  0.000212381 -0.000292022           -1
0.411585 0.130303 0.651564   -0.145371     0.14247 -0.00934051  -0.0153022   0.0127109   -0.746988     0.722195    -0.691689  0.000373885    -0.691689    -0.722195  0.000108534  0.000194947 -0.000336995           -1
0.409986 0.131777 0.651556  -0.144609   0.142858 -0.0104506  -0.016443  0.0143076  -0.747472     0.716733    -0.697347  0.000391528    -0.697347    -0.716733  0.000168964  0.000162795 -0.000394134           -1
0.408395 0.133254 0.651538  -0.143765   0.143219 -0.0116265 -0.0175533  0.0159817  -0.747891     0.711223    -0.702966  0.000407129    -0.702967    -0.711223  0.000250115  0.000113738 -0.000464085           -1
0.406812 0.134735 0.651509  -0.142861    0.14354 -0.0128324 -0.0185918  0.0176751  -0.748234     0.705665    -0.708546   0.00042021    -0.708546    -0.705665  0.000353285  4.62088e-05 -0.000547038           -1
0.405238  0.13622 0.651466  -0.141921   0.143813 -0.0140335  -0.019517  0.0193356  -0.748481     0.700059    -0.714085  0.000430414    -0.714085    -0.700059  0.000478982 -4.07185e-05 -0.000642668           -1
0.403674 0.137707 0.651411  -0.140974   0.144025 -0.0151896 -0.0202908  0.0209026  -0.748622     0.694407    -0.719582  0.000437289    -0.719582    -0.694407  0.000626911 -0.000147457 -0.000749997           -1
 0.40212 0.139196 0.651343  -0.140049   0.144173 -0.0162638 -0.0208861  0.0223267  -0.748637     0.688711    -0.725036  0.000440703    -0.725036     -0.68871  0.000795964 -0.000273586 -0.000867715           -1
0.400577 0.140688 0.651262  -0.139175   0.144251 -0.0172208  -0.021281  0.0235548  -0.748517     0.682969    -0.730447  0.000440594    -0.730447    -0.682969  0.000984284 -0.000418055 -0.000994067    -0.999999
0.399043  0.14218  0.65117  -0.138375   0.144259 -0.0180343  -0.021468  0.0245529  -0.748255     0.677186    -0.735812  0.000437027    -0.735812    -0.677185   0.00118942 -0.000579238  -0.00112703    -0.999999
 0.39752 0.143673 0.651067  -0.137669   0.144197 -0.0186811 -0.0214446  0.0252884  -0.747846    0.671361   -0.741131 0.000430295    -0.74113    -0.67136  0.00140834 -0.00075488 -0.00126441   -0.999999
0.396005 0.145166 0.650956  -0.137071   0.144074 -0.0191502 -0.0212253  0.0257491  -0.747282     0.665496    -0.746401  0.000420718    -0.746401    -0.665495   0.00163801 -0.000942625  -0.00140411    -0.999999
0.394497 0.146658 0.650838  -0.136589   0.143894 -0.0194403 -0.0208248  0.0259437  -0.746572    0.659594   -0.751622 0.000408721   -0.751621   -0.659592  0.00187498 -0.00113969 -0.00154393   -0.999998
0.392997 0.148149 0.650714  -0.136226   0.143662 -0.0195527 -0.0202664  0.0258747  -0.745719    0.653655   -0.756793 0.000394782   -0.756792   -0.653653  0.00211622 -0.00134349 -0.00168205   -0.999998
0.391502 0.149638 0.650586  -0.135979   0.143389 -0.0194953 -0.0195746  0.0255607  -0.744729    0.647681   -0.761911 0.000379393    -0.76191   -0.647679  0.00235864 -0.00155135 -0.00181671   -0.999997
0.390012 0.151124 0.650457  -0.135842   0.143081  -0.019285 -0.0187768  0.0250323   -0.74361    0.641674   -0.766977 0.000363043   -0.766975   -0.641672  0.00259943 -0.00176075 -0.00194643   -0.999997
0.388525 0.152609 0.650326  -0.135805   0.142745 -0.0189365    -0.0179  0.0243125  -0.742377    0.635636   -0.771989 0.000346194   -0.771986   -0.635633  0.00283629 -0.00196953  -0.0020701   -0.999996
0.387041  0.15409 0.650197  -0.135855   0.142386 -0.0184703 -0.0169679  0.0234364  -0.741038    0.629568   -0.776945 0.000329232   -0.776942   -0.629564  0.00306713 -0.00217572 -0.00218676   -0.999995
0.385559 0.155568  0.65007   -0.13598   0.142011 -0.0179053  -0.016004  0.0224364  -0.739605    0.623471   -0.781846 0.000312715   -0.781843   -0.623467  0.00329008 -0.00237736 -0.00229576   -0.999995
0.384077 0.157043 0.649945  -0.136167   0.141621 -0.0172623 -0.0150266  0.0213447  -0.738094    0.617348    -0.78669 0.000296779   -0.786686   -0.617343  0.00350396 -0.00257332 -0.00239664   -0.999994
0.382596 0.158515 0.649825  -0.136402   0.141224 -0.0165568 -0.0140542  0.0201846  -0.736505    0.611198   -0.791477 0.000281777   -0.791473   -0.611193  0.00370772 -0.00276235 -0.00248917   -0.999993
0.381115 0.159983 0.649708  -0.136672    0.14082 -0.0158089 -0.0131008  0.0189871  -0.734855    0.605025   -0.796207 0.000267876   -0.796201   -0.605019  0.00390077 -0.00294375 -0.00257334   -0.999992
0.379633 0.161447 0.649597  -0.136964   0.140409 -0.0150326 -0.0121753  0.0177744  -0.733149    0.598828   -0.800878 0.000255229   -0.800872   -0.598822  0.00408256  -0.0031168 -0.00264916   -0.999992
0.378151 0.162908 0.649491  -0.137269   0.139996 -0.0142415 -0.0112882  0.0165655  -0.731394    0.592608   -0.805491 0.000243999   -0.805484   -0.592602  0.00425296 -0.00328112 -0.00271688   -0.999991
0.376667 0.164364 0.649391  -0.137576   0.139578 -0.0134472 -0.0104434  0.0153747  -0.729597    0.586369   -0.810044 0.000234239   -0.810037   -0.586362  0.00441197 -0.00343654 -0.00277678    -0.99999
0.375183 0.165817 0.649297   -0.137876    0.139158  -0.0126582 -0.00964798   0.0142132   -0.727762    0.580109   -0.814539 0.000225878   -0.814531   -0.580102  0.00455975 -0.00358306 -0.00282914    -0.99999
0.373698 0.167266 0.649208   -0.138164    0.138734  -0.0118847 -0.00890145   0.0130988   -0.725888     0.57383   -0.818974  0.00021899   -0.818966   -0.573823  0.00469672 -0.00372083 -0.00287447   -0.999989
0.372211 0.168711 0.649124  -0.138432   0.138307 -0.0111305 -0.0082067  0.0120296  -0.723984    0.567534    -0.82335 0.000213454   -0.823341   -0.567527  0.00482316 -0.00385001 -0.00291305   -0.999988
0.370724 0.170152 0.649047   -0.138675    0.137874  -0.0104031 -0.00756073   0.0110203   -0.722049    0.561221   -0.827666  0.00020926   -0.827656   -0.561213  0.00493958 -0.00397089 -0.00294539   -0.999988
0.369237 0.171589 0.648975   -0.138891    0.137438 -0.00970364 -0.00696312   0.0100685   -0.720082    0.554892   -0.831922 0.000206348   -0.831912   -0.554884  0.00504657 -0.00408385 -0.00297196   -0.999987
0.367749 0.173022 0.648907   -0.139075    0.136995 -0.00903687 -0.00641409  0.00918023   -0.718086    0.548549   -0.836118 0.000204633   -0.836108   -0.548541  0.00514465 -0.00418929 -0.00299319   -0.999987
0.366261  0.17445 0.648845   -0.139227    0.136548 -0.00840198 -0.00591363   0.0083514    -0.71606    0.542192   -0.840255  0.00020407   -0.840244   -0.542183  0.00523436 -0.00428755  -0.0030095   -0.999986
0.364773 0.175874 0.648788   -0.139342    0.136093 -0.00780054 -0.00545353  0.00758141      -0.714    0.535822   -0.844331 0.000204532    -0.84432   -0.535813  0.00531615   -0.004379  -0.0030212   -0.999986
0.363285 0.177294 0.648735   -0.139422    0.135632 -0.00723319 -0.00503443  0.00686984   -0.711907     0.52944   -0.848347 0.000205805   -0.848336   -0.529431  0.00539091 -0.00446441 -0.00302876   -0.999985
0.361798 0.178709 0.648687   -0.139466    0.135162 -0.00669951 -0.00465304  0.00621724   -0.709781    0.523047   -0.852304 0.000208085   -0.852292   -0.523039  0.00545893 -0.00454383 -0.00303263   -0.999985
0.360313  0.18012 0.648642   -0.139473    0.134686 -0.00619768 -0.00430699  0.00561797   -0.707618    0.516645     -0.8562 0.000211007   -0.856187   -0.516636  0.00552083 -0.00461792 -0.00303297   -0.999985
0.358828 0.181525 0.648602   -0.139443    0.134199 -0.00572872 -0.00398988  0.00507314    -0.70542    0.510234   -0.860036 0.000214532   -0.860023   -0.510225  0.00557721 -0.00468714 -0.00303018   -0.999984
0.357345 0.182926 0.648565   -0.139377    0.133705 -0.00528916 -0.00370562  0.00457242   -0.703178    0.503815   -0.863811 0.000218761   -0.863798   -0.503806  0.00562829 -0.00475157 -0.00302458   -0.999984
0.355865 0.184322 0.648531   -0.139276      0.1332 -0.00487903 -0.00344431  0.00411999   -0.700899     0.49739   -0.867527 0.000223489   -0.867514   -0.497381  0.00567478 -0.00481187 -0.00301646   -0.999984
0.354386 0.185713   0.6485    -0.13914    0.132686 -0.00449624 -0.00321182  0.00370667   -0.698574    0.490959   -0.871183 0.000228678   -0.871169    -0.49095  0.00571683 -0.00486813 -0.00300595   -0.999984
 0.35291 0.187099 0.648472    -0.13897    0.132163 -0.00413915 -0.00299983   0.0033328   -0.696205    0.484523   -0.874778 0.000234287   -0.874764   -0.484514  0.00575506 -0.00492089 -0.00299341   -0.999983
0.351437  0.18848 0.648447   -0.138766    0.131628 -0.00380804 -0.00280515  0.00299917    -0.69379    0.478084   -0.878314 0.000240145     -0.8783   -0.478075  0.00578988 -0.00497053 -0.00297897   -0.999983
0.349967 0.189855 0.648424   -0.138531    0.131084 -0.00349891 -0.00262937  0.00269541   -0.691325    0.471643    -0.88179 0.000246221   -0.881775   -0.471634  0.00582144 -0.00501716 -0.00296275   -0.999983
0.348501 0.191225 0.648403   -0.138265    0.130529 -0.00321211 -0.00247157   0.0024256   -0.688812      0.4652   -0.885205 0.000252656   -0.885191   -0.465191  0.00585005 -0.00506096 -0.00294509   -0.999983
0.347038 0.192589 0.648385   -0.137969    0.129965 -0.00294322  -0.0023276  0.00217442   -0.686244    0.458757   -0.888561 0.000259239   -0.888547   -0.458748  0.00587606 -0.00510231 -0.00292603   -0.999983
0.345579 0.193947 0.648368   -0.137642    0.129388 -0.00269499 -0.00219439   0.0019589   -0.683628    0.452316   -0.891858  0.00026596   -0.891843   -0.452306  0.00589976 -0.00514145 -0.00290575   -0.999983
0.344125   0.1953 0.648354   -0.137289    0.128803 -0.00246325 -0.00207492  0.00176032    -0.68095    0.445876   -0.895095 0.000272739    -0.89508   -0.445867  0.00592136 -0.00517857 -0.00288431   -0.999982
0.342675 0.196646 0.648341   -0.136907    0.128206 -0.00224749 -0.00196667  0.00158126    -0.67822     0.43944   -0.898272 0.000279589   -0.898257    -0.43943  0.00594093 -0.00521371 -0.00286182   -0.999982
0.341229 0.197987 0.648329   -0.136499    0.127597 -0.00204644 -0.00186529  0.00142372   -0.675434    0.433008    -0.90139 0.000286576   -0.901375   -0.432998  0.00595877 -0.00524709  -0.0028385   -0.999982
0.339789 0.199321 0.648319   -0.136065    0.126978  -0.0018599 -0.00177138  0.00128185    -0.67259    0.426581   -0.904449 0.000293553   -0.904434   -0.426572  0.00597509 -0.00527895 -0.00281436   -0.999982
0.338354 0.200649 0.648311   -0.135607    0.126348 -0.00168617 -0.00168696  0.00115586   -0.669686    0.420162   -0.907449 0.000300617   -0.907434   -0.420152  0.00598993 -0.00530925 -0.00278953   -0.999982
0.336925 0.201971 0.648303   -0.135124    0.125707 -0.00152225 -0.00160781  0.00103976    -0.66672     0.41375   -0.910391 0.000307471   -0.910375   -0.413741  0.00600365 -0.00533845 -0.00276392   -0.999982
0.335501 0.203286 0.648297   -0.134617    0.125054  -0.0013717 -0.00153456 0.000940434   -0.663697    0.407347   -0.913273 0.000314315   -0.913258   -0.407338  0.00601618 -0.00536638 -0.00273773   -0.999982
0.334083 0.204594 0.648292   -0.134088    0.124393 -0.00122991 -0.00146736 0.000849557   -0.660607    0.400955   -0.916098 0.000321215   -0.916082   -0.400946  0.00602762  -0.0053931 -0.00271106   -0.999982
0.332671 0.205895 0.648288   -0.133537    0.123718 -0.00109783 -0.00140138 0.000771159   -0.657459    0.394574   -0.918864 0.000328075   -0.918848   -0.394565  0.00603807 -0.00541871 -0.00268392   -0.999982
0.331265  0.20719 0.648285    -0.132964     0.123035 -0.000974241  -0.00134365  0.000699107    -0.654243    0.388206   -0.921572 0.000334729   -0.921556   -0.388197  0.00604771 -0.00544346 -0.00265623   -0.999982
0.329866 0.208477 0.648282    -0.132371     0.122339 -0.000858932  -0.00128885  0.000633118    -0.650967    0.381852   -0.924223 0.000341397   -0.924207   -0.381843  0.00605655 -0.00546725 -0.00262823   -0.999982
0.328474 0.209757 0.648281    -0.131756     0.121632 -0.000750721  -0.00123336  0.000579268    -0.647625    0.375513   -0.926817 0.000347966   -0.926801   -0.375504  0.00606479 -0.00549029  -0.0025999   -0.999982
0.327089  0.21103  0.64828    -0.131122     0.120917 -0.000649007  -0.00118715  0.000526641    -0.644217    0.369191   -0.929354 0.000354271   -0.929337   -0.369182  0.00607249  -0.0055127 -0.00257114   -0.999981
 0.32571 0.212295  0.64828    -0.130468     0.120189 -0.000554949  -0.00113809  0.000482577    -0.640742    0.362886   -0.931834 0.000360705   -0.931817   -0.362877   0.0060794  -0.0055341 -0.00254224   -0.999981
0.324339 0.213553  0.64828    -0.129795      0.11945 -0.000465343  -0.00109366  0.000443055    -0.637206    0.356599   -0.934257 0.000366803   -0.934241    -0.35659  0.00608595 -0.00555504 -0.00251292   -0.999981
0.322976 0.214803 0.648281   -0.129102      0.1187 -0.00038201 -0.00105015  0.00040527   -0.633603    0.350333   -0.936625 0.000372899   -0.936609   -0.350324  0.00609191  -0.0055752 -0.00248346   -0.999981
 0.32162 0.216046 0.648283    -0.128392      0.11794 -0.000303027   -0.0010093  0.000372497    -0.629931    0.344087   -0.938938 0.000378921   -0.938921   -0.344079  0.00609751  -0.0055948 -0.00245385   -0.999981
0.320272  0.21728 0.648285    -0.127663     0.117168 -0.000230412 -0.000967901  0.000347106    -0.626192    0.337864   -0.941195 0.000384789   -0.941178   -0.337856   0.0061027 -0.00561383 -0.00242404   -0.999981
0.318932 0.218507 0.648288    -0.126917     0.116388 -0.000160202 -0.000932184  0.000319869    -0.622384    0.331665   -0.943397 0.000390354    -0.94338   -0.331656   0.0061076 -0.00563243 -0.00239393   -0.999981
  0.3176 0.219725 0.648291    -0.126153     0.115595 -9.57135e-05 -0.000895062  0.000299157    -0.618512     0.32549   -0.945545 0.000395953   -0.945529   -0.325482   0.0061121  -0.0056504 -0.00236381   -0.999981
0.316277 0.220935 0.648295    -0.125372     0.114792 -3.39008e-05 -0.000860844  0.000274971    -0.614572    0.319341    -0.94764 0.000401404   -0.947623   -0.319333  0.00611631 -0.00566787 -0.00233357   -0.999981
0.314962 0.222136 0.648299    -0.124574     0.113978  2.33533e-05 -0.000826991  0.000258553    -0.610565     0.31322   -0.949681 0.000406536   -0.949664   -0.313211  0.00612032 -0.00568502 -0.00230308   -0.999981
0.313656 0.223329 0.648303    -0.123759     0.113153  7.78445e-05 -0.000794015  0.000241228    -0.606489    0.307126   -0.951669 0.000411815   -0.951652   -0.307118  0.00612394 -0.00570148 -0.00227273   -0.999981
0.312358 0.224514 0.648308    -0.122928     0.112318  0.000129025 -0.000761978  0.000226579     -0.60234    0.301062   -0.953604 0.000416629   -0.953587   -0.301054  0.00612741 -0.00571769 -0.00224202   -0.999981
 0.31107 0.225689 0.648313     -0.12208     0.111471  0.000177144 -0.000730142  0.000214086    -0.598128    0.295029   -0.955488 0.000421477   -0.955471   -0.295021  0.00613074  -0.0057335 -0.00221146   -0.999981
0.309791 0.226856 0.648318    -0.121217     0.110616  0.000222826 -0.000703834  0.000199081    -0.593844    0.289028   -0.957321  0.00042622   -0.957303    -0.28902  0.00613369 -0.00574872 -0.00218083   -0.999981
0.308521 0.228014 0.648323    -0.120337     0.109748   0.00026574 -0.000673063  0.000189215    -0.589494    0.283059   -0.959102 0.000430724   -0.959085   -0.283052  0.00613662 -0.00576372 -0.00215013   -0.999981
0.307261 0.229162 0.648329    -0.119441     0.108868  0.000305446 -0.000644111  0.000181137    -0.585079    0.277125   -0.960834  0.00043511   -0.960816   -0.277118  0.00613925 -0.00577822  -0.0021194   -0.999981
 0.30601 0.230301 0.648335     -0.11853     0.107979   0.00034302 -0.000615993  0.000172679     -0.58059    0.271226   -0.962516  0.00043932   -0.962498   -0.271219  0.00614187  -0.0057925 -0.00208868   -0.999981
 0.30477 0.231431 0.648342    -0.117603     0.107079  0.000378762 -0.000591446  0.000163834    -0.576035    0.265364   -0.964148 0.000443389   -0.964131   -0.265356  0.00614426 -0.00580632 -0.00205795   -0.999981
0.303539 0.232552 0.648348    -0.116662     0.106169   0.00041366 -0.000563987  0.000152747    -0.571409    0.259539   -0.965732 0.000447365   -0.965715   -0.259532  0.00614638 -0.00581965 -0.00202725   -0.999981
0.302318 0.233662 0.648355    -0.115704     0.105247  0.000445144 -0.000540874  0.000146716    -0.566715    0.253753   -0.967269 0.000451222   -0.967251   -0.253746  0.00614849 -0.00583274 -0.00199664   -0.999981
0.301108 0.234763 0.648362    -0.114731     0.104314  0.000474787 -0.000516418  0.000139177    -0.561956    0.248007   -0.968758  0.00045489   -0.968741      -0.248   0.0061505 -0.00584553 -0.00196604   -0.999981
0.299908 0.235855 0.648369    -0.113744     0.103371  0.000502883 -0.000493823  0.000132294    -0.557122    0.242302   -0.970201 0.000458417   -0.970183   -0.242294  0.00615244 -0.00585803  -0.0019355   -0.999981
0.298719 0.236936 0.648376    -0.112742     0.102418  0.000529294 -0.000472266  0.000126163    -0.552221    0.236639   -0.971598 0.000461879    -0.97158   -0.236631  0.00615408 -0.00586999 -0.00190505   -0.999981
 0.29754 0.238007 0.648384    -0.111725     0.101452   0.00055407 -0.000447731  0.000124823    -0.547253    0.231019   -0.972949 0.000465206   -0.972931   -0.231012  0.00615569  -0.0058817 -0.00187469   -0.999981
0.296373 0.239068 0.648391    -0.110694     0.100477  0.000577487 -0.000428824  0.000117618    -0.542213    0.225443   -0.974256  0.00046837   -0.974238   -0.225436  0.00615729 -0.00589319 -0.00184442   -0.999981
0.295216 0.240118 0.648399    -0.109647    0.0994892  0.000599554 -0.000405846  0.000113529    -0.537111    0.219913   -0.975519 0.000471343   -0.975502   -0.219906  0.00615872  -0.0059043 -0.00181418   -0.999981
0.294071 0.241158 0.648407    -0.108587    0.0984917  0.000620121 -0.000387141  0.000108842    -0.531935     0.21443   -0.976739 0.000474251   -0.976722   -0.214423  0.00616017 -0.00591519 -0.00178414   -0.999981
0.292937 0.242188 0.648415    -0.107511    0.0974824  0.000638663 -0.000365842  0.000106535    -0.526692    0.208994   -0.977917 0.000477069   -0.977899   -0.208987   0.0061614 -0.00592564 -0.00175422   -0.999981
0.291815 0.243207 0.648423    -0.106422    0.0964631   0.00065685 -0.000349226   0.00010286    -0.521379    0.203606   -0.979053 0.000479712   -0.979035   -0.203599  0.00616269 -0.00593593 -0.00172442   -0.999981
0.290704 0.244215 0.648431    -0.105319    0.0954332   0.00067436 -0.000331728  9.68091e-05    -0.515996    0.198268   -0.980148 0.000482211    -0.98013   -0.198262  0.00616381 -0.00594584 -0.00169472   -0.999981
0.289605 0.245212 0.648439     -0.1042   0.0943902 0.000689455 -0.00031386 9.39709e-05   -0.510547    0.192981   -0.981202 0.000484594   -0.981184   -0.192975  0.00616493 -0.00595553 -0.00166519   -0.999981
0.288518 0.246198 0.648448   -0.103068   0.0933371 0.000703502 -0.00029661 9.42977e-05   -0.505032    0.187746   -0.982218 0.000486955     -0.9822   -0.187739  0.00616593 -0.00596487 -0.00163592   -0.999981
0.287443 0.247172 0.648456    -0.101922    0.0922729  0.000718165 -0.000280943  8.74655e-05    -0.499443    0.182563   -0.983194 0.000489146   -0.983176   -0.182557  0.00616695 -0.00597401 -0.00160678   -0.999981
 0.28638 0.248136 0.648465    -0.100761    0.0911984  0.000730992 -0.000265253  8.60502e-05    -0.493786    0.177435   -0.984132 0.000491167   -0.984114   -0.177428  0.00616791 -0.00598289 -0.00157777   -0.999981
 0.28533 0.249088 0.648473   -0.0995868    0.0901115  0.000743191 -0.000250404  8.17803e-05    -0.488062    0.172361   -0.985034 0.000493219   -0.985016   -0.172355  0.00616871 -0.00599138 -0.00154907   -0.999981
0.284292 0.250028 0.648482   -0.0983993    0.0890141  0.000753494 -0.000236698  8.11014e-05    -0.482271    0.167343   -0.985899 0.000495145   -0.985881   -0.167337  0.00616949 -0.00599964 -0.00152057   -0.999981
0.283267 0.250957 0.648491   -0.0971968    0.0879042  0.000763428 -0.000222197  7.96319e-05    -0.476415    0.162382   -0.986728 0.000496885    -0.98671   -0.162376  0.00617031 -0.00600773 -0.00149223   -0.999981
0.282255 0.251874 0.648499   -0.0959805    0.0867839  0.000773478 -0.000209407  7.43152e-05    -0.470486    0.157478   -0.987522 0.000498636   -0.987504   -0.157472  0.00617099 -0.00601547  -0.0014642   -0.999981
0.281255 0.252779 0.648508   -0.0947511    0.0856529  0.000782724 -0.000197354  7.13428e-05    -0.464488    0.152633   -0.988283  0.00050021   -0.988265   -0.152627  0.00617175 -0.00602309 -0.00143635   -0.999981
0.280269 0.253672 0.648517   -0.0935072    0.0845093  0.000789832 -0.000183154  7.17236e-05    -0.458423    0.147849    -0.98901 0.000501786   -0.988992   -0.147843  0.00617226 -0.00603024 -0.00140882   -0.999981
0.279296 0.254552 0.648526   -0.0922498    0.0833547  0.000797351 -0.000172658  6.81465e-05    -0.452293    0.143124   -0.989705  0.00050323   -0.989686   -0.143118  0.00617282 -0.00603725 -0.00138152   -0.999981
0.278337 0.255421 0.648535   -0.0909796    0.0821901  0.000804592 -0.000164307  6.59231e-05     -0.44609    0.138462   -0.990368 0.000504591   -0.990349   -0.138456  0.00617347 -0.00604414 -0.00135451   -0.999981
0.277391 0.256277 0.648544   -0.0896943    0.0810116   0.00081055 -0.000150845  6.53786e-05    -0.439824    0.133862      -0.991 0.000505894   -0.990982   -0.133856  0.00617407 -0.00605078  -0.0013278   -0.999981
0.276459  0.25712 0.648553   -0.0883962    0.0798228  0.000816715 -0.000140705  6.21289e-05    -0.433489    0.129325   -0.991602 0.000507029   -0.991584   -0.129319  0.00617456 -0.00605714 -0.00130129   -0.999981
 0.27554 0.257951 0.648562   -0.0870843    0.0786224  0.000821365 -0.000131284  6.03853e-05    -0.427086    0.124853   -0.992175 0.000508258   -0.992157   -0.124848   0.0061749 -0.00606313 -0.00127523   -0.999981
0.274636 0.258769 0.648571   -0.0857593     0.077411   0.00082619 -0.000124495  5.87868e-05    -0.420613    0.120446    -0.99272 0.000509265   -0.992701   -0.120441  0.00617544 -0.00606915 -0.00124936   -0.999981
0.273745 0.259574  0.64858   -0.0844196     0.076187   0.00083023 -0.000114586  5.55796e-05    -0.414075    0.116106   -0.993237 0.000510225   -0.993218     -0.1161  0.00617594 -0.00607493 -0.00122383   -0.999981
0.272869 0.260366 0.648589   -0.0830671    0.0749513  0.000833651 -0.000104574  5.74318e-05    -0.407467    0.111832   -0.993727 0.000511212   -0.993708   -0.111827  0.00617623 -0.00608032  -0.0011987   -0.999981
0.272007 0.261145 0.648598    -0.081701    0.0737042  0.000836985 -9.78799e-05  5.43328e-05    -0.400793    0.107627   -0.994191 0.000512157   -0.994173   -0.107622  0.00617663 -0.00608563 -0.00117394   -0.999981
 0.27116 0.261911 0.648607   -0.0803222    0.0724461   0.00084065 -9.18998e-05  5.15415e-05    -0.394051    0.103491    -0.99463 0.000512869   -0.994612   -0.103485  0.00617706 -0.00609082 -0.00114937   -0.999981
0.270328 0.262663 0.648616   -0.0789285    0.0711753  0.000842837 -8.37764e-05  5.17337e-05    -0.387243   0.0994238   -0.995045  0.00051369   -0.995027  -0.0994188  0.00617732 -0.00609565 -0.00112531   -0.999981
 0.26951 0.263402 0.648625   -0.0775223    0.0698937  0.000845543 -7.74136e-05  4.97022e-05    -0.380365   0.0954278   -0.995436 0.000514457   -0.995418  -0.0954228  0.00617763 -0.00610035 -0.00110162   -0.999981
0.268707 0.264126 0.648634   -0.0761021    0.0685999   0.00084805 -7.25545e-05   4.6244e-05    -0.373422   0.0915031   -0.995805 0.000515069   -0.995786  -0.0914982  0.00617805 -0.00610501 -0.00107821   -0.999981
 0.26792 0.264838 0.648643  -0.0746688   0.0672934 0.000849834 -6.6459e-05 4.55577e-05   -0.366413   0.0876509   -0.996151 0.000515766   -0.996133  -0.0876461  0.00617832 -0.00610934 -0.00105531   -0.999981
0.267147 0.265535 0.648652   -0.0732224    0.0659758  0.000851151 -6.10545e-05  4.40324e-05    -0.359333   0.0838719   -0.996476 0.000516278   -0.996458  -0.0838671  0.00617862 -0.00611355 -0.00103266   -0.999981
0.266391 0.266218 0.648662   -0.0717622    0.0646466  0.000852294 -5.56518e-05  4.55573e-05    -0.352188   0.0801666   -0.996781 0.000516777   -0.996763  -0.0801619  0.00617892  -0.0061176 -0.00101045   -0.999981
0.265649 0.266887 0.648671   -0.0702887     0.063305  0.000854055 -5.12964e-05  4.03749e-05    -0.344976   0.0765365   -0.997067 0.000517333   -0.997048  -0.0765319  0.00617919 -0.00612147 -0.00098874   -0.999981
0.264923 0.267542  0.64868   -0.0688019    0.0619512  0.000855193 -4.61046e-05  4.20689e-05    -0.337697    0.0729819    -0.997333  0.000517729    -0.997314   -0.0729773   0.00617947   -0.0061252 -0.000967328    -0.999981
0.264213 0.268182 0.648689   -0.0673023    0.0605866  0.000855641 -4.39616e-05  4.05031e-05    -0.330349    0.0695037    -0.997582  0.000518222    -0.997563   -0.0694992   0.00617965  -0.00612869 -0.000946468    -0.999981
0.263519 0.268807 0.648698   -0.0657883    0.0592076  0.000856241 -3.84218e-05  3.89255e-05    -0.322937   0.0661028   -0.997813 0.000518618   -0.997794  -0.0660983  0.00617987 -0.00613207 -0.00092598   -0.999981
0.262841 0.269418 0.648707   -0.0642623    0.0578192  0.000857189 -3.70212e-05   3.5954e-05    -0.315456   0.0627799   -0.998027 0.000518951   -0.998009  -0.0627755  0.00618004 -0.00613527  -0.0009059   -0.999981
 0.26218 0.270014 0.648716   -0.0627217    0.0564171   0.00085821 -3.16463e-05  3.53334e-05    -0.307908    0.0595359    -0.998226  0.000519333    -0.998207   -0.0595315   0.00618024  -0.00613836 -0.000886348    -0.999981
0.261535 0.270596 0.648725   -0.0611686    0.0550033  0.000858067 -3.03361e-05  3.47098e-05    -0.300296   0.0563715    -0.99841 0.000519645   -0.998391  -0.0563672  0.00618044 -0.00614132 -0.00086721   -0.999981
0.260906 0.271162 0.648735    -0.059602    0.0535778  0.000859341 -2.64432e-05  3.19372e-05    -0.292614   0.0532875   -0.998579 0.000519904    -0.99856  -0.0532833  0.00618069 -0.00614421 -0.00084851   -0.999981
0.260294 0.271713 0.648744   -0.0580224    0.0521396  0.000859721 -2.35284e-05  3.12531e-05    -0.284867    0.0502846    -0.998735  0.000520078    -0.998716   -0.0502804   0.00618091  -0.00614694 -0.000830215    -0.999981
0.259698 0.272248 0.648753    -0.056429    0.0506893   0.00085921 -2.06097e-05  3.34542e-05    -0.277051    0.0473638    -0.998878  0.000520301    -0.998859   -0.0473597     0.006181  -0.00614942 -0.000812463    -0.999981
 0.25912 0.272768 0.648762   -0.0548224    0.0492273  0.000860461 -1.87613e-05  2.98815e-05    -0.269172    0.0445256    -0.999008  0.000520611    -0.998989   -0.0445215   0.00618113  -0.00615182 -0.000795303    -0.999981
0.258559 0.273273 0.648771   -0.0532031    0.0477531  0.000860807 -1.80619e-05  2.52878e-05    -0.261225    0.0417709    -0.999127   0.00052072    -0.999108   -0.0417669   0.00618131  -0.00615416 -0.000778454    -0.999981
0.258015 0.273762  0.64878   -0.0515703    0.0462666  0.000861153 -1.67133e-05  2.60054e-05    -0.253207    0.0391005    -0.999235  0.000521042    -0.999216   -0.0390965   0.00618142  -0.00615633 -0.000762331    -0.999981
0.257488 0.274235 0.648789  -0.0499239   0.0447669 0.000861632 -1.2689e-05 2.79253e-05   -0.245129   0.0365148   -0.999333 0.000521074   -0.999314  -0.0365109   0.0061817 -0.00615855 -0.00074644   -0.999981
0.256979 0.274692 0.648798  -0.0482645    0.043255 0.000862304 -1.0345e-05 2.49804e-05   -0.236983     0.034015    -0.999421   0.00052126    -0.999402   -0.0340111    0.0061818  -0.00616049 -0.000731222    -0.999981
0.256487 0.275132 0.648808   -0.0465921    0.0417321  0.000863251 -1.01875e-05  2.38932e-05    -0.228767    0.0316017      -0.9995  0.000521398    -0.999482   -0.0315978    0.0061819  -0.00616233 -0.000716486    -0.999981
0.256013 0.275557 0.648817   -0.0449064    0.0401973  0.000863791 -9.87043e-06  2.03993e-05    -0.220485    0.0292755    -0.999571   0.00052147    -0.999552   -0.0292717   0.00618201  -0.00616409 -0.000702218    -0.999981
0.255557 0.275965 0.648826    -0.043207    0.0386483  0.000863911 -7.75628e-06  2.06656e-05    -0.212141    0.0270371    -0.999634  0.000521578    -0.999615   -0.0270334   0.00618206   -0.0061657 -0.000688523    -0.999981
0.255119 0.276357 0.648835   -0.0414949    0.0370876   0.00086481 -6.09427e-06  2.27991e-05    -0.203729   0.0248875    -0.99969 0.000521649   -0.999671  -0.0248838   0.0061823 -0.00616741 -0.00067534   -0.999981
  0.2547 0.276732 0.648844  -0.0397703    0.035516 0.000866066 -8.1972e-06 1.83117e-05   -0.195246    0.0228272    -0.999739  0.000521692     -0.99972   -0.0228236   0.00618242   -0.0061689 -0.000662674    -0.999981
0.254299 0.277091 0.648853   -0.0380307    0.0339299  0.000866489 -3.99603e-06  1.91139e-05    -0.186701     0.020857    -0.999782  0.000521869    -0.999763   -0.0208534   0.00618248  -0.00617025 -0.000650693    -0.999981
0.253916 0.277432 0.648862   -0.0362791    0.0323322   0.00086797 -3.09327e-06  1.90584e-05     -0.17809    0.0189777     -0.99982  0.000521902    -0.999801   -0.0189741   0.00618258  -0.00617156 -0.000639129    -0.999981
0.253551 0.277757 0.648872   -0.0345138    0.0307218  0.000869181 -2.50432e-06  1.70864e-05    -0.169411    0.0171899    -0.999852  0.000522049    -0.999833   -0.0171863   0.00618268  -0.00617279 -0.000628242    -0.999981
0.253206 0.278064 0.648881   -0.0327357    0.0291005  0.000870453 -2.88179e-06  1.75761e-05    -0.160665    0.0154942     -0.99988  0.000522033    -0.999861   -0.0154907   0.00618281  -0.00617398 -0.000617758    -0.999981
0.252879 0.278354  0.64889    -0.030945     0.027466  0.000872265 -1.49802e-06  1.61076e-05    -0.151854    0.0138915    -0.999903  0.000521977    -0.999884    -0.013888   0.00618287  -0.00617502 -0.000607805    -0.999981
0.252572 0.278627 0.648899   -0.0291399    0.0258184  0.000874494 -2.22282e-07  1.23133e-05    -0.142975    0.0123824    -0.999923  0.000522062    -0.999904    -0.012379   0.00618297  -0.00617604 -0.000598573    -0.999981
0.252284 0.278882 0.648909    -0.027322    0.0241586   0.00087559 -1.31737e-06  1.20605e-05    -0.134033    0.0109679     -0.99994  0.000522034    -0.999921   -0.0109644   0.00618304  -0.00617694 -0.000589808    -0.999981
0.252015 0.279119 0.648918   -0.0254915     0.022487  0.000876744 -2.51949e-06  1.20429e-05    -0.125025   0.00964826    -0.999953  0.000522146    -0.999934  -0.00964485   0.00618314  -0.00617781 -0.000581768    -0.999981
0.251765 0.279339 0.648927  -0.0236482   0.0208036 0.000879794 -2.7086e-06   9.297e-06   -0.115942   0.00842462    -0.999964  0.000522192    -0.999945  -0.00842123   0.00618308  -0.00617846 -0.000574253    -0.999981
0.251535 0.279541 0.648936   -0.0217902     0.019106  0.000881482 -2.17455e-06  1.01862e-05    -0.106803   0.00729729    -0.999973  0.000522228    -0.999954  -0.00729392    0.0061832  -0.00617923 -0.000567325    -0.999981
0.251325 0.279724 0.648946   -0.0199195     0.017396  0.000883618 -5.93072e-07  1.00559e-05   -0.0975963   0.00626712     -0.99998  0.000522157    -0.999961  -0.00626378   0.00618324  -0.00617985 -0.000560888    -0.999981
0.251134  0.27989 0.648955   -0.0180366    0.0156753   0.00088653 -1.72999e-06  9.46672e-06   -0.0883179   0.00533493    -0.999986    0.0005222    -0.999967   -0.0053316   0.00618344  -0.00618057 -0.000555171    -0.999981
0.250964 0.280037 0.648964   -0.0161403    0.0139416  0.000889446 -2.30334e-06  4.93372e-06   -0.0789755   0.00450138     -0.99999  0.000522303    -0.999971  -0.00449806   0.00618338  -0.00618097 -0.000550122    -0.999981
0.250814 0.280166 0.648974   -0.0142301    0.0121943  0.000892128 -1.97506e-06  6.31274e-06   -0.0695701   0.00376701    -0.999993  0.000522261    -0.999974  -0.00376371   0.00618355  -0.00618154 -0.000545541    -0.999981
0.250684 0.280276 0.648983    -0.012307     0.010435  0.000894863 -1.10579e-06  4.93462e-06   -0.0600947   0.00313264    -0.999995   0.00052227    -0.999976  -0.00312935   0.00618359  -0.00618193 -0.000541629    -0.999981
0.250575 0.280368 0.648993   -0.0103711   0.00866313  0.000898296 -9.95173e-07  5.06459e-06   -0.0505565   0.00259896    -0.999996  0.000522324    -0.999978  -0.00259568   0.00618346  -0.00618208 -0.000538383    -0.999981
0.250486  0.28044 0.649002  -0.00842182   0.00687968  0.000901978 -2.65131e-06  1.46135e-06   -0.0409509   0.00216674    -0.999998  0.000522336    -0.999979  -0.00216347    0.0061835  -0.00618235 -0.000535723    -0.999981
0.250413 0.280498 0.649012  -0.00684154   0.00543531  0.000902667 -1.56144e-07  1.03705e-06   -0.0331709   0.00181665    -0.999998  0.000522369    -0.999979  -0.00181339   0.00618358  -0.00618262 -0.000533591    -0.999981
0.250355 0.280543 0.649021   -0.0055616   0.00426842  0.000901614 -1.12947e-06  2.87424e-06   -0.0268679   0.00153303    -0.999999  0.000522325     -0.99998  -0.00152977   0.00618365  -0.00618284 -0.000531794    -0.999981
0.250307 0.280578 0.649031  -0.00452375   0.00332479  0.000898746 -4.17027e-07  3.95069e-06   -0.0217636   0.00130332    -0.999999  0.000522359     -0.99998  -0.00130007   0.00618354  -0.00618286 -0.000530408    -0.999981
0.250268 0.280605  0.64904   -0.0036834    0.0025625  0.000895629 -3.43829e-06 -3.64642e-07   -0.0176261   0.00111735    -0.999999  0.000522365     -0.99998   -0.0011141   0.00618353  -0.00618295 -0.000529264    -0.999981
0.250236 0.280625  0.64905  -0.00300175   0.00194521  0.000890676 -5.52678e-07  1.61896e-06   -0.0142781  0.000966496    -0.999999  0.000522289     -0.99998 -0.000963248   0.00618368  -0.00618317 -0.000528255    -0.999981
0.250211 0.280641 0.649059  -0.00244925   0.00144686   0.00088485 -2.53986e-08  2.21614e-06   -0.0115665  0.000844476           -1  0.000522289    -0.999981 -0.000841231   0.00618374   -0.0061833   -0.0005275    -0.999981
0.250189 0.280652 0.649068  -0.00200214   0.00104499  0.000879043 -4.55019e-07   1.5745e-06  -0.00936681  0.000745467           -1  0.000522274    -0.999981 -0.000742224   0.00618377  -0.00618338 -0.000526874    -0.999981
0.250172 0.280659 0.649078 -0.00163956 0.000720729 0.000872883  -1.273e-06 7.52167e-07 -0.00758894   0.00066548           -1  0.000522281    -0.999981 -0.000662237   0.00618372  -0.00618337 -0.000526386    -0.999981
0.250158 0.280664 0.649087  -0.00134614  0.000459788  0.000865776 -1.65342e-06  1.41331e-06  -0.00614717  0.000600563           -1   0.00052237    -0.999981 -0.000597322   0.00618375  -0.00618344 -0.000526073    -0.999981
0.250146 0.280667 0.649096  -0.00110786  0.000249214  0.000858375 -1.63713e-06  2.17735e-06  -0.00497743  0.000547974           -1   0.00052232    -0.999981 -0.000544734    0.0061838  -0.00618351 -0.000525698    -0.999981
0.250137 0.280668 0.649105 -0.000914507  7.86377e-05  0.000851113  5.13444e-07  5.17688e-07  -0.00403402  0.000505508           -1  0.000522333    -0.999981 -0.000502269   0.00618375  -0.00618348 -0.000525449    -0.999981
0.250129 0.280667 0.649114 -0.000757705 -5.65151e-05  0.000843886  3.00098e-07 -4.19518e-07   -0.0032661  0.000470873           -1  0.000522286    -0.999981 -0.000467634   0.00618367  -0.00618342 -0.000525187    -0.999981
0.250122 0.280665 0.649123 -0.000631069 -0.000164632  0.000836102 -1.66538e-06 -2.76422e-08  -0.00264486  0.000443044           -1  0.000522354    -0.999981 -0.000439805   0.00618369  -0.00618346 -0.000525083    -0.999981
0.250116 0.280663 0.649131 -0.000527746 -0.000252597  0.000828153 -8.07552e-07 -1.06037e-06  -0.00214538  0.000420418           -1  0.000522335    -0.999981  -0.00041718   0.00618367  -0.00618345 -0.000524925    -0.999981
0.250112 0.280659  0.64914 -0.000443813 -0.000321605  0.000820178 -9.45092e-07  1.09243e-06  -0.00173745  0.000401972           -1  0.000522299    -0.999981 -0.000398734   0.00618381   -0.0061836 -0.000524775    -0.999981
0.250108 0.280655 0.649149 -0.000376192 -0.000376246  0.000812524 -9.44808e-07   6.0018e-07  -0.00140471  0.000387218           -1  0.000522367    -0.999981  -0.00038398   0.00618372  -0.00618352 -0.000524751    -0.999981
0.250104 0.280651 0.649157 -0.000320488  -0.00042032  0.000804742  6.53347e-07  2.22016e-06  -0.00113845  0.000375244           -1  0.000522305    -0.999981 -0.000372007   0.00618375  -0.00618356 -0.000524615    -0.999981
0.250101 0.280646 0.649165 -0.000275895 -0.000454212  0.000796717 -9.52022e-07  7.03245e-07 -0.000924971  0.000365526           -1  0.000522296    -0.999981 -0.000362289   0.00618374  -0.00618355 -0.000524547    -0.999981
0.250099 0.280641 0.649174 -0.000239405 -0.000480328   0.00078918  8.16946e-08  1.39718e-06 -0.000746856  0.000357574           -1  0.000522347    -0.999981 -0.000354337   0.00618382  -0.00618363 -0.000524548    -0.999981
0.250097 0.280636 0.649182 -0.000209853 -0.000499705  0.000781327 -1.93899e-06 -9.72845e-07 -0.000603893  0.000351193           -1   0.00052234    -0.999981 -0.000347956   0.00618369   -0.0061835 -0.000524501    -0.999981
0.250095  0.28063  0.64919 -0.000185471 -0.000515856  0.000774115 -6.15423e-07  1.08423e-06 -0.000491468  0.000346091           -1  0.000522381    -0.999981 -0.000342854   0.00618368   -0.0061835 -0.000524512    -0.999981
0.250093 0.280625 0.649198 -0.000165413 -0.000527041  0.000766295   9.9329e-07  2.31619e-06 -0.000397114  0.000341946           -1  0.000522394    -0.999981 -0.000338709    0.0061837  -0.00618352 -0.000524499    -0.999981
0.250091 0.280619 0.649206 -0.000149541 -0.000534893  0.000758955 -9.43306e-07 -1.07355e-06  -0.00032104  0.000338555           -1  0.000522289    -0.999981 -0.000335319   0.00618376  -0.00618358 -0.000524373    -0.999981
 0.25009 0.280613 0.649214 -0.000135862  -0.00054111  0.000751399  2.09991e-07  1.68498e-06 -0.000261055  0.000335692           -1  0.000522356    -0.999981 -0.000332456    0.0061837  -0.00618352 -0.000524422    -0.999981
0.250089 0.280608 0.649222  -0.00012516 -0.000543566   0.00074343  5.45141e-07  1.31835e-06  -0.00020902  0.000333601           -1  0.000522334    -0.999981 -0.000330365   0.00618383  -0.00618366 -0.000524387    -0.999981
0.250087 0.280602  0.64923  -0.00011667 -0.000544746  0.000736866  -8.9167e-07 -2.16185e-06 -0.000169297  0.000331703           -1  0.000522313    -0.999981 -0.000328467   0.00618384  -0.00618366 -0.000524354    -0.999981
0.250086 0.280596 0.649238 -0.000109066 -0.000545333  0.000729173  -1.8829e-06 -9.18736e-07 -0.000139134  0.000330251           -1  0.000522367    -0.999981 -0.000327014   0.00618365  -0.00618347 -0.000524399    -0.999981
0.250085  0.28059 0.649245 -0.000102581 -0.000544788  0.000721808 -2.14129e-07 -6.56877e-07 -0.000111932  0.000329027           -1  0.000522383    -0.999981  -0.00032579   0.00618373  -0.00618356 -0.000524408    -0.999981
0.250084 0.280585 0.649253 -9.83471e-05  -0.00054231  0.000715079 -1.65177e-06 -1.78488e-06 -9.01152e-05  0.000328122           -1  0.000522345    -0.999981 -0.000324885   0.00618372  -0.00618355 -0.000524364    -0.999981
0.250083 0.280579  0.64926 -9.39224e-05 -0.000540223  0.000707556 -9.06115e-07  9.14099e-07 -7.18876e-05  0.000327344           -1  0.000522424    -0.999981 -0.000324107   0.00618372  -0.00618355 -0.000524439    -0.999981
0.250082 0.280573 0.649268 -9.01127e-05 -0.000537566  0.000700231 -1.40542e-06   1.2984e-06 -6.14281e-05  0.000326647           -1  0.000522349    -0.999981 -0.000323411   0.00618382  -0.00618365 -0.000524359    -0.999981
0.250081 0.280568 0.649275 -8.67096e-05 -0.000533735  0.000693616  -2.0817e-06 -2.23407e-06 -4.76063e-05  0.000326228           -1  0.000522442    -0.999981 -0.000322991   0.00618373  -0.00618356 -0.000524449    -0.999981
 0.25008 0.280562 0.649282 -8.36921e-05 -0.000530707  0.000686272 -5.63486e-07   1.9999e-06 -3.83518e-05   0.00032578           -1  0.000522386    -0.999981 -0.000322543    0.0061837  -0.00618353 -0.000524391    -0.999981
0.250079 0.280556 0.649289 -8.21365e-05 -0.000525999  0.000679916 -1.43703e-06  1.64101e-08 -3.02891e-05  0.000325449           -1  0.000522349    -0.999981 -0.000322212   0.00618379  -0.00618362 -0.000524352    -0.999981
0.250079 0.280551 0.649296 -7.97092e-05 -0.000522434  0.000672778 -1.13599e-06  1.93374e-06 -2.64264e-05  0.000325149           -1  0.000522351    -0.999981 -0.000321912    0.0061838  -0.00618363 -0.000524352    -0.999981
0.250078 0.280545 0.649303 -7.84242e-05 -0.000517854  0.000666079 -1.15612e-06 -9.73132e-07 -2.23185e-05  0.000324916           -1  0.000522387    -0.999981  -0.00032168   0.00618376  -0.00618359 -0.000524386    -0.999981
0.250077  0.28054  0.64931 -7.65098e-05 -0.000513491  0.000659636 -3.34141e-08  9.53051e-07 -1.69021e-05  0.000324812           -1  0.000522371    -0.999981 -0.000321575   0.00618376  -0.00618359 -0.000524369    -0.999981
0.250076 0.280535 0.649317 -7.53174e-05  -0.00050882  0.000652705 -9.32852e-07  5.51658e-07 -1.36646e-05  0.000324668           -1  0.000522379    -0.999981 -0.000321431   0.00618372  -0.00618355 -0.000524377    -0.999981
0.250075 0.280529 0.649324 -7.39644e-05 -0.000503948  0.000646466 -1.01643e-06  1.62681e-07 -1.12523e-05  0.000324464           -1  0.000522376    -0.999981 -0.000321227   0.00618378  -0.00618361 -0.000524372    -0.999981
0.250075 0.280524 0.649331 -7.24893e-05 -0.000500185  0.000640116  6.66232e-07  3.49409e-07 -8.39184e-06  0.000324436           -1  0.000522313    -0.999981   -0.0003212    0.0061838  -0.00618363 -0.000524309    -0.999981
0.250074 0.280519 0.649338 -7.22239e-05 -0.000494853  0.000633015 -7.82393e-08  2.31605e-06 -7.55806e-06  0.000324309           -1  0.000522386    -0.999981 -0.000321072   0.00618379  -0.00618362 -0.000524381    -0.999981
0.250073 0.280514 0.649344 -7.08979e-05 -0.000489749  0.000627683 -1.54568e-06 -3.05576e-07 -6.00934e-06  0.000324279           -1  0.000522356    -0.999981 -0.000321042   0.00618368  -0.00618351 -0.000524351    -0.999981
0.250072 0.280508 0.649351 -7.01483e-05 -0.000485493  0.000621357 -8.82445e-07 -5.66247e-08  -3.7754e-06  0.000324236           -1  0.000522392    -0.999981    -0.000321   0.00618385  -0.00618369 -0.000524387    -0.999981
0.250072 0.280503 0.649357 -6.94257e-05 -0.000480581  0.000614797 -1.11787e-06 -1.30312e-06 -4.75625e-06  0.000324214           -1  0.000522384    -0.999981 -0.000320978   0.00618382  -0.00618365 -0.000524379    -0.999981
0.250071 0.280498 0.649364 -6.81031e-05 -0.000476383  0.000607958  8.43862e-07  3.75124e-06 -2.41396e-06    0.0003242           -1  0.000522419    -0.999981 -0.000320963   0.00618374  -0.00618357 -0.000524413    -0.999981
 0.25007 0.280493  0.64937 -6.72018e-05 -0.000471753  0.000602709  9.61978e-07 -6.82811e-07 -2.81126e-06  0.000324204           -1    0.0005224    -0.999981 -0.000320967   0.00618366  -0.00618349 -0.000524395    -0.999981
0.250069 0.280488 0.649376 -6.66659e-05 -0.000466626  0.000596873 -4.74001e-07 -1.78045e-06  -2.2709e-06  0.000324125           -1  0.000522365    -0.999981 -0.000320889   0.00618373  -0.00618356 -0.000524359    -0.999981
0.250069 0.280484 0.649383 -6.56927e-05 -0.000462588  0.000590659  1.01821e-06   7.1573e-08   2.7407e-07  0.000324036           -1  0.000522328    -0.999981   -0.0003208   0.00618371  -0.00618355 -0.000524321    -0.999981
0.250068 0.280479 0.649389  -6.5208e-05 -0.000457563  0.000584844  -1.4426e-06 -9.60553e-07 -2.19177e-06  0.000324071           -1  0.000522426    -0.999981 -0.000320835   0.00618367   -0.0061835 -0.000524419    -0.999981
0.250067 0.280474 0.649395 -6.46227e-05 -0.000453327  0.000578649 -9.80023e-07  9.54962e-07  -1.4571e-06  0.000323989           -1  0.000522317    -0.999981 -0.000320753   0.00618379  -0.00618363  -0.00052431    -0.999981
0.250067 0.280469 0.649401 -6.36571e-05 -0.000448931  0.000573328  1.50907e-07   5.0542e-07  8.39969e-07   0.00032411           -1  0.000522404    -0.999981 -0.000320873    0.0061837  -0.00618353 -0.000524398    -0.999981
0.250066 0.280464 0.649407 -6.29454e-05 -0.000444654  0.000567322   4.2681e-07  3.51228e-08 -3.19964e-06  0.000324029           -1  0.000522389    -0.999981 -0.000320793   0.00618371  -0.00618354 -0.000524383    -0.999981
0.250065  0.28046 0.649413 -6.28042e-05 -0.000439499  0.000561867 -1.32175e-06 -1.82789e-06 -3.33764e-07  0.000324097           -1  0.000522405    -0.999981 -0.000320861   0.00618375  -0.00618358 -0.000524399    -0.999981
0.250065 0.280455 0.649419 -6.22299e-05 -0.000434905  0.000556567 -1.21997e-06 -2.21711e-06  1.51078e-07  0.000324011           -1  0.000522431    -0.999981 -0.000320774   0.00618372  -0.00618355 -0.000524424    -0.999981
0.250064 0.280451 0.649425 -6.10562e-05 -0.000431049  0.000550134 -6.09817e-07    2.129e-06  -1.7667e-06  0.000324014           -1  0.000522402    -0.999981 -0.000320778   0.00618367   -0.0061835 -0.000524395    -0.999981
0.250063 0.280446  0.64943 -6.07389e-05 -0.000427369  0.000544739  2.29224e-07  2.38894e-06 -2.64303e-06  0.000323964           -1  0.000522406    -0.999981 -0.000320727   0.00618379  -0.00618362   -0.0005244    -0.999981
0.250063 0.280442 0.649436 -5.96844e-05 -0.000422898  0.000539375  3.18895e-07  2.05985e-06 -1.22507e-06   0.00032395           -1   0.00052241    -0.999981 -0.000320713   0.00618382  -0.00618365 -0.000524404    -0.999981
0.250062 0.280437 0.649442 -5.96146e-05 -0.000417853  0.000534282 -7.47244e-07  -6.4222e-07  1.01623e-06  0.000324042           -1  0.000522429    -0.999981 -0.000320805   0.00618372  -0.00618355 -0.000524422    -0.999981
0.250062 0.280433 0.649447 -5.89376e-05 -0.000413873  0.000528657 -7.71203e-07 -1.87954e-06  4.97432e-07  0.000324022           -1  0.000522379    -0.999981 -0.000320786   0.00618378  -0.00618361 -0.000524373    -0.999981
0.250061 0.280429 0.649453 -5.80071e-05 -0.000409911  0.000523299 -6.92258e-07  1.78867e-06 -5.14435e-07  0.000324018           -1  0.000522396    -0.999981 -0.000320782   0.00618372  -0.00618355 -0.000524389    -0.999981
 0.25006 0.280424 0.649458 -5.76728e-05 -0.000405902    0.0005188 -1.97272e-07 -2.56366e-07  7.40543e-07  0.000324022           -1  0.000522344    -0.999981 -0.000320786   0.00618381  -0.00618364 -0.000524338    -0.999981
 0.25006  0.28042 0.649464 -5.68507e-05 -0.000401745  0.000513109 -2.38096e-07 -1.43446e-06  2.35138e-06  0.000324072           -1  0.000522383    -0.999981 -0.000320835   0.00618382  -0.00618365 -0.000524377    -0.999981
0.250059 0.280416 0.649469 -5.64744e-05  -0.00039796  0.000507673 -4.53977e-07 -1.05688e-06  -1.7877e-06  0.000324068           -1  0.000522396    -0.999981 -0.000320832    0.0061837  -0.00618354  -0.00052439    -0.999981
0.250059 0.280412 0.649474 -5.59759e-05  -0.00039295  0.000503042 -1.56851e-06  -1.2447e-06 -5.19227e-08  0.000323992           -1  0.000522399    -0.999981 -0.000320755    0.0061837  -0.00618354 -0.000524392    -0.999981
0.250058 0.280408  0.64948 -5.58973e-05 -0.000389054  0.000497623 -2.76727e-06 -7.96143e-07  1.15072e-06  0.000324089           -1  0.000522351    -0.999981 -0.000320852   0.00618374  -0.00618357 -0.000524345    -0.999981
0.250057 0.280404 0.649485 -5.48193e-05 -0.000385244  0.000492809 -2.15856e-06 -3.44317e-07  1.89963e-06  0.000324005           -1  0.000522402    -0.999981 -0.000320768   0.00618378  -0.00618361 -0.000524396    -0.999981
0.250057 0.280399  0.64949 -5.43504e-05 -0.000382708  0.000487614  7.94086e-08 -2.13799e-07 -2.52295e-08  0.000324016           -1  0.000522359    -0.999981  -0.00032078    0.0061838  -0.00618363 -0.000524352    -0.999981
0.250056 0.280395 0.649495 -5.39645e-05 -0.000378268   0.00048247 -1.01957e-06   1.1299e-06 -1.66985e-06  0.000323973           -1  0.000522451    -0.999981 -0.000320736   0.00618379  -0.00618362 -0.000524444    -0.999981
0.250056 0.280392   0.6495 -5.30611e-05 -0.000374929  0.000478095 -7.03672e-07  7.59154e-07  4.78689e-07  0.000324055           -1  0.000522423    -0.999981 -0.000320818   0.00618373  -0.00618357 -0.000524417    -0.999981
0.250055 0.280388 0.649505 -5.28665e-05 -0.000370814   0.00047371  6.11893e-07  3.17213e-07   8.4876e-07  0.000324064           -1  0.000522478    -0.999981 -0.000320827   0.00618372  -0.00618355 -0.000524472    -0.999981
0.250055 0.280384  0.64951 -5.15519e-05 -0.000367397  0.000468159 -6.57712e-07  8.79632e-07  -2.0268e-06  0.000324059           -1  0.000522437    -0.999981 -0.000320823   0.00618377   -0.0061836 -0.000524431    -0.999981
0.250054  0.28038 0.649515 -5.16831e-05 -0.000363141   0.00046379  -3.4341e-07  5.07491e-07  1.30102e-06   0.00032397           -1  0.000522414    -0.999981 -0.000320734   0.00618381  -0.00618365 -0.000524407    -0.999981
0.250053 0.280376  0.64952 -5.10058e-05 -0.000359592   0.00045962 -1.23045e-06 -2.17832e-06 -7.46933e-07  0.000324036           -1  0.000522388    -0.999981   -0.0003208   0.00618378  -0.00618361 -0.000524382    -0.999981
0.250053 0.280372 0.649525 -5.11883e-05 -0.000355435  0.000455269 -1.94808e-06 -2.48639e-06 -4.17308e-07  0.000324118           -1   0.00052242    -0.999981 -0.000320881   0.00618374  -0.00618358 -0.000524414    -0.999981
0.250052 0.280369 0.649529 -4.97601e-05 -0.000352951   0.00045045  1.24746e-06  1.51599e-07   1.0988e-06  0.000324085           -1  0.000522392    -0.999981 -0.000320849   0.00618382  -0.00618365 -0.000524386    -0.999981
0.250052 0.280365 0.649534 -4.89801e-05 -0.000349496  0.000445847  6.72914e-07   2.2842e-06 -1.44724e-08  0.000324087           -1  0.000522389    -0.999981 -0.000320851   0.00618378  -0.00618361 -0.000524383    -0.999981
0.250051 0.280361 0.649539 -4.90517e-05  -0.00034595  0.000441161 -1.85401e-07  1.13523e-06 -6.74748e-07  0.000323967           -1  0.000522391    -0.999981 -0.000320731   0.00618381  -0.00618364 -0.000524384    -0.999981
0.250051 0.280358 0.649543 -4.89177e-05   -0.0003421  0.000437152  8.06009e-07 -7.47161e-08  8.41306e-07   0.00032408           -1   0.00052235    -0.999981 -0.000320844   0.00618375  -0.00618359 -0.000524344    -0.999981
 0.25005 0.280354 0.649548  -4.8028e-05 -0.000339255  0.000432215  9.00088e-08  1.21468e-06  -1.2595e-06  0.000324077           -1  0.000522445    -0.999981  -0.00032084   0.00618375  -0.00618358 -0.000524439    -0.999981
 0.25005 0.280351 0.649552 -4.74539e-05 -0.000335623  0.000428149  2.29196e-08  1.37918e-07 -1.79607e-06  0.000323983           -1  0.000522417    -0.999981 -0.000320746   0.00618376  -0.00618359 -0.000524411    -0.999981
0.250049 0.280347 0.649557 -4.71508e-05 -0.000331743   0.00042375 -1.71277e-06 -4.47292e-08  1.24037e-06  0.000324091           -1  0.000522381    -0.999981 -0.000320854   0.00618382  -0.00618365 -0.000524375    -0.999981
0.250049 0.280344 0.649561 -4.63959e-05 -0.000328755  0.000420108 -1.05315e-06 -2.01097e-06  1.52537e-06  0.000324143           -1  0.000522421    -0.999981 -0.000320906   0.00618376  -0.00618359 -0.000524415    -0.999981
0.250048  0.28034 0.649566 -4.57413e-05 -0.000325877   0.00041533   8.9429e-08  7.55956e-07 -5.82377e-07  0.000324062           -1  0.000522458    -0.999981 -0.000320825   0.00618369  -0.00618352 -0.000524452    -0.999981
0.250048 0.280337  0.64957 -4.63346e-05 -0.000321818  0.000411369 -1.97016e-06 -2.48012e-07  1.46899e-06  0.000323996           -1   0.00052235    -0.999981  -0.00032076   0.00618389  -0.00618372 -0.000524344    -0.999981
0.250047 0.280333 0.649574 -4.52978e-05 -0.000318781  0.000407463 -1.57472e-07  1.54852e-07   9.1937e-07  0.000324025           -1  0.000522367    -0.999981 -0.000320789   0.00618378  -0.00618361 -0.000524361    -0.999981
0.250047  0.28033 0.649579  -4.4809e-05 -0.000315747  0.000402884 -1.96505e-07  6.10313e-07   -6.113e-07  0.000324028           -1  0.000522384    -0.999981 -0.000320791   0.00618378  -0.00618361 -0.000524377    -0.999981
0.250046 0.280327 0.649583 -4.41443e-05 -0.000312667  0.000399007  -4.2449e-07  1.14981e-06 -1.19209e-06  0.000324064           -1  0.000522408    -0.999981 -0.000320828   0.00618378  -0.00618361 -0.000524402    -0.999981
0.250046 0.280323 0.649587  -4.4142e-05 -0.000309679  0.000394851   2.6167e-07  7.16889e-07  4.82607e-07  0.000324046           -1  0.000522388    -0.999981  -0.00032081   0.00618377  -0.00618361 -0.000524382    -0.999981
0.250046  0.28032 0.649591 -4.32851e-05 -0.000306157  0.000390544  3.50721e-07  2.07187e-06  8.75506e-07  0.000324055           -1  0.000522332    -0.999981 -0.000320818   0.00618392  -0.00618375 -0.000524326    -0.999981
0.250045 0.280317 0.649595 -4.29976e-05 -0.000303837  0.000387525  5.21924e-07  9.03882e-07 -1.05621e-06  0.000324025           -1  0.000522488    -0.999981 -0.000320788    0.0061838  -0.00618363 -0.000524481    -0.999981
0.250045 0.280314 0.649599 -4.29206e-05 -0.000299281  0.000383446 -2.60434e-06 -3.91736e-06  1.11373e-06  0.000324041           -1  0.000522455    -0.999981 -0.000320804   0.00618382  -0.00618365 -0.000524448    -0.999981
0.250044 0.280311 0.649603 -4.20285e-05 -0.000297576  0.000379612  7.85242e-07 -1.31402e-06 -2.14881e-07  0.000324032           -1  0.000522446    -0.999981 -0.000320795   0.00618372  -0.00618355  -0.00052444    -0.999981
0.250044 0.280308 0.649607 -4.15457e-05 -0.000294012  0.000375337 -1.16172e-06  1.75721e-07  1.42029e-07  0.000324007           -1   0.00052235    -0.999981 -0.000320771   0.00618377   -0.0061836 -0.000524344    -0.999981
0.250043 0.280305 0.649611 -4.13113e-05 -0.000291345  0.000372055  1.61927e-07  1.37654e-06 -1.43097e-06  0.000324035           -1  0.000522391    -0.999981 -0.000320798   0.00618379  -0.00618362 -0.000524384    -0.999981
0.250043 0.280301 0.649615 -4.08477e-05 -0.000288606  0.000367847 -1.89709e-07  1.07163e-06   5.7011e-07  0.000324029           -1  0.000522411    -0.999981 -0.000320792   0.00618384  -0.00618367 -0.000524404    -0.999981
0.250042 0.280299 0.649619 -4.02498e-05 -0.000285635  0.000364329  2.62534e-07  7.77309e-07 -6.34048e-07  0.000324094           -1   0.00052244    -0.999981 -0.000320857   0.00618382  -0.00618365 -0.000524435    -0.999981
0.250042 0.280296 0.649623 -4.01817e-05  -0.00028281  0.000361246  4.00615e-07 -3.35583e-07 -1.62531e-06  0.000324037           -1  0.000522391    -0.999981   -0.0003208   0.00618382  -0.00618365 -0.000524385    -0.999981
