-1.5708
-1.5708
-1.5708
-1.57082
-1.57088
-1.57097
-1.57112
-1.57132
-1.57158
-1.5719
-1.57229
-1.57274
-1.57326
-1.57385
-1.57451
-1.57524
-1.57604
-1.57692
-1.57786
-1.57887
-1.57995
-1.5811
-1.58232
-1.58361
-1.58497
-1.58639
-1.58787
-1.58942
-1.59103
-1.59271
-1.59444
-1.59624
-1.59809
-1.60001
-1.60198
-1.604
-1.60609
-1.60822
-1.61041
-1.61265
-1.61494
-1.61728
-1.61967
-1.6221
-1.62458
-1.62711
-1.62968
-1.63229
-1.63495
-1.63764
-1.64037
-1.64314
-1.64595
-1.6488
-1.65168
-1.65459
-1.65753
-1.66051
-1.66352
-1.66656
-1.66962
-1.67271
-1.67583
-1.67897
-1.68214
-1.68533
-1.68855
-1.69178
-1.69503
-1.6983
-1.70159
-1.7049
-1.70823
-1.71156
-1.71492
-1.71828
-1.72166
-1.72505
-1.72845
-1.73186
-1.73528
-1.7387
-1.74214
-1.74558
-1.74902
-1.75247
-1.75592
-1.75938
-1.76283
-1.76629
-1.76975
-1.77321
-1.77667
-1.78012
-1.78357
-1.78702
-1.79047
-1.79391
-1.79735
-1.80078
-1.8042
-1.80761
-1.81102
-1.81442
-1.81781
-1.82119
-1.82456
-1.82792
-1.83127
-1.8346
-1.83792
-1.84123
-1.84452
-1.8478
-1.85107
-1.85432
-1.85755
-1.86077
-1.86397
-1.86716
-1.87032
-1.87347
-1.8766
-1.87971
-1.8828
-1.88587
-1.88892
-1.89195
-1.89496
-1.89794
-1.90091
-1.90385
-1.90677
-1.90967
-1.91255
-1.9154
-1.91823
-1.92103
-1.92381
-1.92656
-1.92929
-1.932
-1.93468
-1.93733
-1.93996
-1.94256
-1.94514
-1.94768
-1.95021
-1.9527
-1.95517
-1.95761
-1.96003
-1.96241
-1.96477
-1.9671
-1.96941
-1.97168
-1.97393
-1.97615
-1.97834
-1.9805
-1.98263
-1.98474
-1.98681
-1.98886
-1.99088
-1.99287
-1.99483
-1.99676
-1.99866
-2.00054
-2.00238
-2.0042
-2.00599
-2.00775
-2.00948
-2.01118
-2.01285
-2.0145
-2.01611
-2.0177
-2.01926
-2.02079
-2.02229
-2.02376
-2.02521
-2.02662
-2.02801
-2.02938
-2.03071
-2.03202
-2.0333
-2.03455
-2.03577
-2.03697
-2.03814
-2.03929
-2.0404
-2.0415
-2.04256
-2.0436
-2.04462
-2.04561
-2.04657
-2.04751
-2.04843
-2.04932
-2.05018
-2.05102
-2.05184
-2.05264
-2.05341
-2.05416
-2.05488
-2.05558
-2.05626
-2.05692
-2.05756
-2.05818
-2.05877
-2.05935
-2.0599
-2.06043
-2.06095
-2.06144
-2.06192
-2.06237
-2.06281
-2.06323
-2.06363
-2.06402
-2.06438
-2.06473
-2.06507
-2.06539
-2.06569
-2.06597
-2.06624
-2.0665
-2.06674
-2.06697
-2.06718
-2.06738
-2.06757
-2.06775
-2.06791
-2.06806
-2.0682
-2.06832
-2.06844
-2.06855
-2.06864
-2.06873
-2.06881
-2.06888
-2.06893
-2.06899
-2.06903
-2.06906
-2.06909
-2.06911
-2.06913
-2.06914
-2.06914
-2.06913
-2.06913
-2.06911
-2.0691
-2.06907
-2.06905
-2.06902
-2.06899
-2.06895
-2.06891
-2.06887
-2.06883
-2.06878
-2.06874
-2.06869
-2.06864
-2.0686
-2.06855
-2.0685
-2.06845
-2.0684
-2.06835
-2.06831
-2.06826
-2.06822
-2.06818
-2.06814
-2.0681
-2.06806
-2.06802
-2.06799
-2.06796
-2.06794
-2.06791
-2.06789
-2.06787
-2.06786
-2.06785
-2.06784
-2.06783
-2.06782
-2.06782
-2.06781
-2.06781
-2.06781
-2.06781
-2.0678
-2.0678
-2.0678
-2.0678
-2.0678
-2.0678
-2.0678
-2.0678
-2.0678
-2.0678
-2.0678
-2.0678
-2.0678
-2.0678
-2.0678
-2.0678
-2.0678
-2.0678
-2.0678
-2.0678
-2.0678
-2.0678
-2.0678
-2.0678
-2.0678
-2.0678
-2.0678
-2.0678
-2.0678
-2.0678
-2.0678
-2.0678
-2.0678
-2.0678
-2.0678
-2.0678
-2.0678
-2.0678
-2.0678
-2.0678
-2.0678
-2.0678
-2.0678
-2.0678
-2.0678
-2.0678
-2.0678
-2.0678
-2.0678
-2.0678
-2.0678
-2.0678
-2.0678
-2.0678
-2.0678
-2.0678
-2.0678
-2.0678
-2.0678
-2.0678
-2.0678
-2.0678
-2.0678
-2.0678
-2.0678
-2.0678
-2.0678
-2.0678
-2.0678
-2.0678
-2.0678
-2.0678
-2.0678
-2.0678
-2.0678
-2.0678
-2.0678
-2.0678
-2.0678
-2.0678
-2.0678
-2.0678
-2.0678
-2.0678
-2.0678
-2.0678
-2.0678
-2.0678
-2.0678
