-1.5708 -1.5708
-1.57084 -1.5708
-1.57096 -1.5708
-1.57116 -1.5708
-1.57144 -1.57083
-1.5718 -1.5709
-1.57224 -1.571
-1.57276 -1.57115
-1.57335 -1.57136
-1.57402 -1.57162
-1.57477 -1.57195
-1.57559 -1.57234
-1.57648 -1.5728
-1.57745 -1.57333
-1.57849 -1.57393
-1.5796 -1.5746
-1.58078 -1.57534
-1.58203 -1.57615
-1.58335 -1.57703
-1.58473 -1.57798
-1.58619 -1.579
-1.58771 -1.58009
-1.58929 -1.58125
-1.59094 -1.58247
-1.59264 -1.58377
-1.59441 -1.58513
-1.59625 -1.58656
-1.59813 -1.58805
-1.60008 -1.58961
-1.60209 -1.59123
-1.60415 -1.59291
-1.60626 -1.59465
-1.60843 -1.59646
-1.61065 -1.59832
-1.61293 -1.60024
-1.61525 -1.60222
-1.61762 -1.60425
-1.62004 -1.60634
-1.62251 -1.60849
-1.62502 -1.61068
-1.62758 -1.61293
-1.63018 -1.61523
-1.63282 -1.61757
-1.63551 -1.61997
-1.63823 -1.62241
-1.641 -1.6249
-1.6438 -1.62743
-1.64663 -1.63001
-1.64951 -1.63263
-1.65241 -1.63529
-1.65536 -1.63799
-1.65833 -1.64073
-1.66133 -1.64351
-1.66437 -1.64633
-1.66743 -1.64918
-1.67052 -1.65206
-1.67364 -1.65498
-1.67678 -1.65793
-1.67995 -1.66092
-1.68314 -1.66393
-1.68636 -1.66698
-1.68959 -1.67005
-1.69285 -1.67315
-1.69612 -1.67627
-1.69942 -1.67942
-1.70273 -1.68259
-1.70606 -1.68579
-1.7094 -1.68901
-1.71276 -1.69225
-1.71614 -1.69551
-1.71952 -1.69879
-1.72292 -1.70208
-1.72633 -1.7054
-1.72974 -1.70873
-1.73317 -1.71207
-1.73661 -1.71543
-1.74005 -1.7188
-1.7435 -1.72218
-1.74696 -1.72558
-1.75042 -1.72898
-1.75388 -1.7324
-1.75735 -1.73582
-1.76082 -1.73925
-1.76429 -1.74269
-1.76776 -1.74613
-1.77123 -1.74958
-1.7747 -1.75304
-1.77817 -1.75649
-1.78164 -1.75995
-1.7851 -1.76341
-1.78856 -1.76688
-1.79202 -1.77034
-1.79547 -1.7738
-1.79892 -1.77726
-1.80235 -1.78072
-1.80579 -1.78418
-1.80921 -1.78763
-1.81263 -1.79108
-1.81603 -1.79453
-1.81943 -1.79797
-1.82282 -1.8014
-1.82619 -1.80482
-1.82956 -1.80824
-1.83291 -1.81165
-1.83625 -1.81505
-1.83957 -1.81845
-1.84289 -1.82183
-1.84619 -1.8252
-1.84947 -1.82856
-1.85274 -1.83191
-1.85599 -1.83525
-1.85923 -1.83857
-1.86245 -1.84188
-1.86565 -1.84518
-1.86883 -1.84846
-1.872 -1.85172
-1.87515 -1.85498
-1.87828 -1.85821
-1.88139 -1.86143
-1.88448 -1.86463
-1.88755 -1.86781
-1.8906 -1.87098
-1.89363 -1.87413
-1.89663 -1.87726
-1.89962 -1.88037
-1.90258 -1.88346
-1.90552 -1.88653
-1.90844 -1.88958
-1.91133 -1.89261
-1.9142 -1.89561
-1.91705 -1.8986
-1.91987 -1.90156
-1.92267 -1.90451
-1.92544 -1.90743
-1.92819 -1.91032
-1.93092 -1.9132
-1.93362 -1.91605
-1.93629 -1.91887
-1.93894 -1.92167
-1.94156 -1.92445
-1.94415 -1.9272
-1.94672 -1.92993
-1.94926 -1.93263
-1.95178 -1.93531
-1.95426 -1.93796
-1.95672 -1.94058
-1.95915 -1.94318
-1.96156 -1.94576
-1.96394 -1.9483
-1.96629 -1.95082
-1.96861 -1.95331
-1.9709 -1.95578
-1.97316 -1.95822
-1.9754 -1.96063
-1.97761 -1.96301
-1.97979 -1.96536
-1.98194 -1.96769
-1.98406 -1.96999
-1.98615 -1.97226
-1.98822 -1.9745
-1.99025 -1.97671
-1.99226 -1.9789
-1.99424 -1.98106
-1.99618 -1.98319
-1.9981 -1.98528
-1.99999 -1.98736
-2.00185 -1.9894
-2.00369 -1.99141
-2.00549 -1.99339
-2.00726 -1.99535
-2.00901 -1.99728
-2.01072 -1.99917
-2.01241 -2.00104
-2.01407 -2.00288
-2.0157 -2.00469
-2.0173 -2.00647
-2.01887 -2.00823
-2.02042 -2.00995
-2.02193 -2.01165
-2.02342 -2.01331
-2.02488 -2.01495
-2.02631 -2.01656
-2.02771 -2.01814
-2.02908 -2.01969
-2.03043 -2.02121
-2.03175 -2.02271
-2.03304 -2.02418
-2.0343 -2.02561
-2.03554 -2.02702
-2.03675 -2.02841
-2.03793 -2.02976
-2.03909 -2.03109
-2.04021 -2.03239
-2.04132 -2.03366
-2.04239 -2.03491
-2.04344 -2.03612
-2.04447 -2.03732
-2.04547 -2.03848
-2.04644 -2.03962
-2.04739 -2.04073
-2.04831 -2.04181
-2.04921 -2.04287
-2.05009 -2.04391
-2.05094 -2.04491
-2.05176 -2.0459
-2.05256 -2.04685
-2.05334 -2.04779
-2.0541 -2.04869
-2.05483 -2.04958
-2.05554 -2.05044
-2.05623 -2.05127
-2.05689 -2.05208
-2.05754 -2.05287
-2.05816 -2.05363
-2.05876 -2.05438
-2.05934 -2.05509
-2.0599 -2.05579
-2.06044 -2.05647
-2.06096 -2.05712
-2.06146 -2.05775
-2.06193 -2.05836
-2.0624 -2.05895
-2.06284 -2.05951
-2.06326 -2.06006
-2.06367 -2.06059
-2.06405 -2.0611
-2.06442 -2.06158
-2.06478 -2.06205
-2.06511 -2.0625
-2.06543 -2.06294
-2.06574 -2.06335
-2.06602 -2.06375
-2.0663 -2.06412
-2.06656 -2.06449
-2.0668 -2.06483
-2.06703 -2.06516
-2.06724 -2.06547
-2.06744 -2.06577
-2.06763 -2.06605
-2.06781 -2.06631
-2.06797 -2.06656
-2.06812 -2.0668
-2.06826 -2.06702
-2.06839 -2.06723
-2.0685 -2.06742
-2.06861 -2.06761
-2.0687 -2.06778
-2.06879 -2.06793
-2.06886 -2.06808
-2.06893 -2.06822
-2.06899 -2.06834
-2.06904 -2.06845
-2.06908 -2.06855
-2.06911 -2.06864
-2.06914 -2.06873
-2.06915 -2.0688
-2.06917 -2.06886
-2.06917 -2.06892
-2.06917 -2.06897
-2.06916 -2.06901
-2.06915 -2.06904
-2.06914 -2.06906
-2.06912 -2.06908
-2.06909 -2.06909
-2.06906 -2.06909
-2.06903 -2.06909
-2.06899 -2.06909
-2.06895 -2.06908
-2.06891 -2.06906
-2.06886 -2.06904
-2.06882 -2.06901
-2.06877 -2.06899
-2.06872 -2.06895
-2.06867 -2.06892
-2.06861 -2.06888
-2.06856 -2.06884
-2.06851 -2.0688
-2.06845 -2.06875
-2.0684 -2.0687
-2.06834 -2.06866
-2.06829 -2.06861
-2.06824 -2.06856
-2.06819 -2.06851
-2.06814 -2.06846
-2.06809 -2.06841
-2.06805 -2.06836
-2.068 -2.06831
-2.06796 -2.06826
-2.06792 -2.06821
-2.06788 -2.06816
-2.06785 -2.06811
-2.06782 -2.06807
-2.06779 -2.06803
-2.06776 -2.06799
-2.06774 -2.06795
-2.06772 -2.06791
-2.0677 -2.06788
-2.06769 -2.06785
-2.06768 -2.06782
-2.06767 -2.0678
-2.06767 -2.06777
-2.06767 -2.06775
-2.06767 -2.06774
-2.06767 -2.06772
-2.06767 -2.06771
-2.06767 -2.0677
-2.06767 -2.0677
-2.06767 -2.06769
-2.06767 -2.06769
-2.06767 -2.06768
-2.06767 -2.06768
-2.06767 -2.06768
-2.06767 -2.06768
-2.06767 -2.06767
-2.06767 -2.06767
-2.06767 -2.06767
-2.06767 -2.06767
-2.06767 -2.06767
-2.06767 -2.06767
-2.06767 -2.06767
-2.06767 -2.06767
-2.06767 -2.06767
-2.06767 -2.06767
-2.06767 -2.06767
-2.06767 -2.06767
-2.06767 -2.06767
-2.06767 -2.06767
-2.06767 -2.06767
-2.06767 -2.06767
-2.06767 -2.06767
-2.06767 -2.06767
-2.06767 -2.06767
-2.06767 -2.06767
-2.06767 -2.06767
-2.06767 -2.06767
-2.06767 -2.06767
-2.06767 -2.06767
-2.06767 -2.06767
-2.06767 -2.06767
-2.06767 -2.06767
-2.06767 -2.06767
-2.06767 -2.06767
-2.06767 -2.06767
-2.06767 -2.06767
-2.06767 -2.06767
-2.06767 -2.06767
-2.06767 -2.06767
-2.06767 -2.06767
-2.06767 -2.06767
-2.06767 -2.06767
-2.06767 -2.06767
-2.06767 -2.06767
-2.06767 -2.06767
-2.06767 -2.06767
-2.06767 -2.06767
-2.06767 -2.06767
-2.06767 -2.06767
-2.06767 -2.06767
-2.06767 -2.06767
-2.06767 -2.06767
-2.06767 -2.06767
-2.06767 -2.06767
-2.06767 -2.06767
-2.06767 -2.06767
-2.06767 -2.06767
-2.06767 -2.06767
-2.06767 -2.06767
-2.06767 -2.06767
-2.06767 -2.06767
-2.06767 -2.06767
-2.06767 -2.06767
-2.06767 -2.06767
-2.06767 -2.06767
-2.06767 -2.06767
-2.06767 -2.06767
-2.06767 -2.06767
-2.06767 -2.06767
-2.06767 -2.06767
-2.06767 -2.06767
-2.06767 -2.06767
-2.06767 -2.06767
-2.06767 -2.06767
-2.06767 -2.06767
-2.06767 -2.06767
-2.06767 -2.06767
-2.06767 -2.06767
-2.06767 -2.06767
-2.06767 -2.06767
-2.06767 -2.06767
-2.06767 -2.06767
-2.06767 -2.06767
-2.06767 -2.06767
-2.06767 -2.06767
-2.06767 -2.06767
-2.06767 -2.06767
-2.06767 -2.06767
-2.06767 -2.06767
-2.06767 -2.06767
-2.06767 -2.06767
-2.06767 -2.06767
