-0.436332 -0.522297
-0.436332 -0.522317
-0.436332 -0.522174
-0.436332 -0.521866
-0.436332 -0.521457
-0.436332 -0.521012
-0.436332 -0.520544
-0.436332 -0.52001
-0.436332 -0.519361
-0.436332 -0.518596
-0.436332 -0.517768
-0.436332 -0.516942
-0.436332 -0.516132
-0.436332 -0.515298
-0.436332 -0.514387
-0.436332 -0.513385
-0.436332 -0.51234
-0.436332 -0.511312
-0.436332 -0.510323
-0.436332 -0.509337
-0.436332 -0.508297
-0.436332 -0.507183
-0.436332 -0.506032
-0.436332 -0.504904
-0.436332 -0.503829
-0.436332 -0.502775
-0.436332 -0.501683
-0.436332 -0.500525
-0.436332 -0.499333
-0.436332 -0.498165
-0.436332 -0.497056
-0.436332 -0.495982
-0.436332 -0.494883
-0.436332 -0.493724
-0.436332 -0.492529
-0.436332 -0.491358
-0.436332 -0.490249
-0.436332 -0.489183
-0.436332 -0.488105
-0.436332 -0.486973
-0.436332 -0.485802
-0.436332 -0.484651
-0.436332 -0.483564
-0.436332 -0.48253
-0.436332 -0.481493
-0.436332 -0.480406
-0.436332 -0.479279
-0.436332 -0.478167
-0.436332 -0.477119
-0.436332 -0.476131
-0.436332 -0.475151
-0.436332 -0.474126
-0.436332 -0.473059
-0.436332 -0.472002
-0.436332 -0.471007
-0.436332 -0.470079
-0.436332 -0.469169
-0.436332 -0.46822
-0.436332 -0.467227
-0.436332 -0.466238
-0.436332 -0.46531
-0.436332 -0.464454
-0.436332 -0.463624
-0.436332 -0.462763
-0.436332 -0.461856
-0.436332 -0.460948
-0.436332 -0.460097
-0.436332 -0.459323
-0.436332 -0.458585
-0.436332 -0.457821
-0.436332 -0.457012
-0.436332 -0.456195
-0.436332 -0.455431
-0.436332 -0.454748
-0.436332 -0.454108
-0.436332 -0.453452
-0.436332 -0.452748
-0.436332 -0.452032
-0.436332 -0.451363
-0.436332 -0.450777
-0.436332 -0.450242
-0.436332 -0.449697
-0.436332 -0.449108
-0.436332 -0.448498
-0.436332 -0.44793
-0.436332 -0.447445
-0.436332 -0.447019
-0.436332 -0.44659
-0.436332 -0.446118
-0.436332 -0.44562
-0.436332 -0.445157
-0.436332 -0.444775
-0.436332 -0.444458
-0.436332 -0.444148
-0.436332 -0.443794
-0.436332 -0.44341
-0.436332 -0.443053
-0.436332 -0.442774
-0.436332 -0.442566
-0.436332 -0.442371
-0.436332 -0.442137
-0.436332 -0.441865
-0.436332 -0.441614
-0.436332 -0.441435
-0.436332 -0.441332
-0.436332 -0.44125
-0.436332 -0.441132
-0.436332 -0.440971
-0.436332 -0.440821
-0.436332 -0.44074
-0.436332 -0.440736
-0.436332 -0.440761
-0.436332 -0.440753
-0.436332 -0.440698
-0.436332 -0.440645
-0.436332 -0.440654
-0.436332 -0.440742
-0.436332 -0.440866
-0.436332 -0.440961
-0.436332 -0.441006
-0.436332 -0.441043
-0.436332 -0.441136
-0.436332 -0.441308
-0.436332 -0.441521
-0.436332 -0.44171
-0.436332 -0.441848
-0.436332 -0.441967
-0.436332 -0.442134
-0.436332 -0.442379
-0.436332 -0.442672
-0.436332 -0.442947
-0.436332 -0.443167
-0.436332 -0.44336
-0.436332 -0.443592
-0.436332 -0.4439
-0.436332 -0.444261
-0.436332 -0.444609
-0.436332 -0.444903
-0.436332 -0.44516
-0.436332 -0.445447
-0.436332 -0.445808
-0.436332 -0.446225
-0.436332 -0.446637
-0.436332 -0.446993
-0.436332 -0.447306
-0.436332 -0.447637
-0.436332 -0.448039
-0.436332 -0.448501
-0.436332 -0.448965
-0.436332 -0.449373
-0.436332 -0.449731
-0.436332 -0.450099
-0.436332 -0.450531
-0.436332 -0.451026
-0.436332 -0.45153
-0.436332 -0.451981
-0.436332 -0.452376
-0.436332 -0.452769
-0.436332 -0.453221
-0.436332 -0.45374
-0.436332 -0.454273
-0.436332 -0.454757
-0.436332 -0.455179
-0.436332 -0.45559
-0.436332 -0.456053
-0.436332 -0.456584
-0.436332 -0.457137
-0.436332 -0.457645
-0.436332 -0.458086
-0.436332 -0.458507
-0.436332 -0.458972
-0.436332 -0.459507
-0.436332 -0.46007
-0.436332 -0.460593
-0.436332 -0.461047
-0.436332 -0.46147
-0.436332 -0.461931
-0.436332 -0.462461
-0.436332 -0.463026
-0.436332 -0.463557
-0.436332 -0.464017
-0.436332 -0.464438
-0.436332 -0.464887
-0.436332 -0.465406
-0.436332 -0.465966
-0.436332 -0.466499
-0.436332 -0.46696
-0.436332 -0.467373
-0.436332 -0.467806
-0.436332 -0.468307
-0.436332 -0.468856
-0.436332 -0.469385
-0.436332 -0.469843
-0.436332 -0.470245
-0.436332 -0.470659
-0.436332 -0.471138
-0.436332 -0.47167
-0.436332 -0.47219
-0.436332 -0.472642
-0.436332 -0.473031
-0.436332 -0.473423
-0.436332 -0.473876
-0.436332 -0.474388
-0.436332 -0.474896
-0.436332 -0.475339
-0.436332 -0.475713
-0.436332 -0.476081
-0.436332 -0.476506
-0.436332 -0.476995
-0.436332 -0.477489
-0.436332 -0.477922
-0.436332 -0.478281
-0.436332 -0.478624
-0.436332 -0.47902
-0.436332 -0.479484
-0.436332 -0.479962
-0.436332 -0.480384
-0.436332 -0.480729
-0.436332 -0.481048
-0.436332 -0.481414
-0.436332 -0.481851
-0.436332 -0.482312
-0.436332 -0.482723
-0.436332 -0.483055
-0.436332 -0.483351
-0.436332 -0.483688
-0.436332 -0.484098
-0.436332 -0.484542
-0.436332 -0.484943
-0.436332 -0.485262
-0.436332 -0.485538
-0.436332 -0.485847
-0.436332 -0.486231
-0.436332 -0.486658
-0.436332 -0.48705
-0.436332 -0.48736
-0.436332 -0.487617
-0.436332 -0.487901
-0.436332 -0.48826
-0.436332 -0.488669
-0.436332 -0.489053
-0.436332 -0.489357
-0.436332 -0.4896
-0.436332 -0.48986
-0.436332 -0.490195
-0.436332 -0.490588
-0.436332 -0.490966
-0.436332 -0.491265
-0.436332 -0.491498
-0.436332 -0.491737
-0.436332 -0.49205
-0.436332 -0.492429
-0.436332 -0.492802
-0.436332 -0.493101
-0.436332 -0.493326
-0.436332 -0.493548
-0.436332 -0.493841
-0.436332 -0.494207
-0.436332 -0.494577
-0.436332 -0.494878
-0.436332 -0.4951
-0.436332 -0.495309
-0.436332 -0.495584
-0.436332 -0.495938
-0.436332 -0.496308
-0.436332 -0.496613
-0.436332 -0.496835
-0.436332 -0.497035
-0.436332 -0.497295
-0.436332 -0.497639
-0.436332 -0.498009
-0.436332 -0.498323
-0.436332 -0.498549
-0.436332 -0.498743
-0.436332 -0.49899
-0.436332 -0.499325
-0.436332 -0.499699
-0.436332 -0.500022
-0.436332 -0.500257
-0.436332 -0.500448
-0.436332 -0.500686
-0.436332 -0.501013
-0.436332 -0.50139
-0.436332 -0.501727
-0.436332 -0.501973
-0.436332 -0.502165
-0.436332 -0.502396
-0.436332 -0.502717
-0.436332 -0.503099
-0.436332 -0.50345
-0.436332 -0.50371
-0.436332 -0.503909
-0.436332 -0.504134
-0.436332 -0.504451
-0.436332 -0.504838
-0.436332 -0.505205
-0.436332 -0.505483
-0.436332 -0.505689
-0.436332 -0.505913
-0.436332 -0.506226
-0.436332 -0.506618
-0.436332 -0.507002
-0.436332 -0.507301
-0.436332 -0.507518
-0.436332 -0.507742
-0.436332 -0.508053
-0.436332 -0.508451
-0.436332 -0.508852
-0.436332 -0.509172
-0.436332 -0.509405
-0.436332 -0.509631
-0.436332 -0.50994
-0.436332 -0.510343
-0.436332 -0.510763
-0.436332 -0.511106
-0.436332 -0.511356
-0.436332 -0.511587
-0.436332 -0.511894
-0.436332 -0.512302
-0.436332 -0.51274
-0.436332 -0.513108
-0.436332 -0.513377
-0.436332 -0.513615
-0.436332 -0.513921
-0.436332 -0.514333
-0.436332 -0.514788
-0.436332 -0.515182
-0.436332 -0.515472
-0.436332 -0.515718
-0.436332 -0.516024
-0.436332 -0.516439
-0.436332 -0.51691
-0.436332 -0.517329
-0.436332 -0.517642
-0.436332 -0.517899
-0.436332 -0.518205
-0.436332 -0.518622
-0.436332 -0.519107
-0.436332 -0.519553
-0.436332 -0.51989
-0.436332 -0.520158
-0.436332 -0.520465
-0.436332 -0.520884
-0.436332 -0.521381
-0.436332 -0.521851
-0.436332 -0.522214
-0.436332 -0.522495
-0.436332 -0.522803
-0.436332 -0.523221
-0.436332 -0.523729
-0.436332 -0.524223
-0.436332 -0.524612
-0.436332 -0.524908
-0.436332 -0.525217
-0.436332 -0.525633
-0.436332 -0.52615
-0.436332 -0.526667
-0.436332 -0.527081
-0.436332 -0.527394
-0.436332 -0.527704
-0.436332 -0.528117
-0.436332 -0.52864
-0.436332 -0.529178
-0.436332 -0.529619
-0.436332 -0.529948
-0.436332 -0.530261
-0.436332 -0.530669
-0.436332 -0.531196
-0.436332 -0.531752
-0.436332 -0.532219
-0.436332 -0.532568
-0.436332 -0.532882
-0.436332 -0.533286
-0.436332 -0.533814
-0.436332 -0.534386
-0.436332 -0.534879
-0.436332 -0.535246
-0.436332 -0.535565
-0.436332 -0.535961
-0.436332 -0.536488
-0.436332 -0.537075
-0.436332 -0.537592
-0.436332 -0.53798
-0.436332 -0.538302
-0.436332 -0.538692
-0.436332 -0.539215
-0.436332 -0.539813
-0.436332 -0.540355
-0.436332 -0.540763
-0.436332 -0.541091
-0.436332 -0.541471
-0.436332 -0.541988
-0.436332 -0.542595
-0.436332 -0.54316
-0.436332 -0.54359
-0.436332 -0.543924
-0.436332 -0.544297
-0.436332 -0.544805
-0.436332 -0.545417
-0.436332 -0.546003
-0.436332 -0.546455
-0.436332 -0.546797
-0.436332 -0.547161
-0.436332 -0.547658
-0.436332 -0.548274
-0.436332 -0.548879
-0.436332 -0.549354
-0.436332 -0.549705
-0.436332 -0.550061
-0.436332 -0.550546
-0.436332 -0.551161
-0.436332 -0.551783
-0.436332 -0.552281
-0.436332 -0.552643
-0.436332 -0.552991
-0.436332 -0.553462
-0.436332 -0.554074
-0.436332 -0.554712
-0.436332 -0.555233
-0.436332 -0.555608
-0.436332 -0.555949
-0.436332 -0.556404
-0.436332 -0.557011
-0.436332 -0.557662
-0.436332 -0.558206
-0.436332 -0.558595
-0.436332 -0.55893
-0.436332 -0.559369
-0.436332 -0.559967
-0.436332 -0.560628
-0.436332 -0.561196
-0.436332 -0.561601
-0.436332 -0.561932
-0.436332 -0.562354
-0.436332 -0.56294
-0.436332 -0.56361
-0.436332 -0.5642
-0.436332 -0.564622
-0.436332 -0.564951
-0.436332 -0.565355
-0.436332 -0.565928
-0.436332 -0.566603
-0.436332 -0.567215
-0.436332 -0.567657
-0.436332 -0.567986
-0.436332 -0.568371
-0.436332 -0.568928
-0.436332 -0.569606
-0.436332 -0.57024
-0.436332 -0.570702
-0.436332 -0.571033
-0.436332 -0.571402
-0.436332 -0.57194
-0.436332 -0.572618
-0.436332 -0.573271
-0.436332 -0.573756
-0.436332 -0.574092
-0.436332 -0.574444
-0.436332 -0.574962
-0.436332 -0.575637
-0.436332 -0.576309
-0.436332 -0.576818
-0.436332 -0.577161
-0.436332 -0.577498
-0.436332 -0.577995
-0.436332 -0.578664
-0.436332 -0.579353
-0.436332 -0.579887
-0.436332 -0.58024
-0.436332 -0.580563
-0.436332 -0.581038
-0.436332 -0.581698
-0.436332 -0.582402
-0.436332 -0.582962
-0.436332 -0.583328
-0.436332 -0.583639
-0.436332 -0.58409
-0.436332 -0.584738
-0.436332 -0.585455
-0.436332 -0.586042
-0.436332 -0.586423
-0.436332 -0.586725
-0.436332 -0.587152
-0.436332 -0.587785
-0.436332 -0.588512
-0.436332 -0.589127
-0.436332 -0.589528
-0.436332 -0.589822
-0.436332 -0.590224
-0.436332 -0.590841
-0.436332 -0.591576
-0.436332 -0.592217
-0.436332 -0.592639
-0.436332 -0.59293
-0.436332 -0.593308
-0.436332 -0.593905
-0.436332 -0.594644
-0.436332 -0.595313
-0.436332 -0.595759
-0.436332 -0.59605
-0.436332 -0.596404
-0.436332 -0.596978
-0.436332 -0.597719
-0.436332 -0.598414
-0.436332 -0.598888
-0.436332 -0.599181
-0.436332 -0.599512
-0.436332 -0.600061
-0.436332 -0.600801
-0.436332 -0.601521
-0.436332 -0.602024
-0.436332 -0.602324
-0.436332 -0.602633
-0.436332 -0.603157
-0.436332 -0.603891
-0.436332 -0.604634
-0.436332 -0.605169
-0.436332 -0.605479
-0.436332 -0.605769
-0.436332 -0.606263
-0.436332 -0.606989
-0.436332 -0.607753
-0.436332 -0.608321
-0.436332 -0.608645
-0.436332 -0.608918
-0.436332 -0.609383
-0.436332 -0.610096
-0.436332 -0.610879
-0.436332 -0.611482
-0.436332 -0.611824
-0.436332 -0.612082
-0.436332 -0.612516
-0.436332 -0.613214
-0.436332 -0.614013
-0.436332 -0.614651
-0.436332 -0.615015
-0.436332 -0.615262
-0.436332 -0.615664
-0.436332 -0.616342
-0.436332 -0.617154
-0.436332 -0.617827
-0.436332 -0.618218
-0.436332 -0.618457
-0.436332 -0.618827
-0.436332 -0.619481
-0.436332 -0.620302
-0.436332 -0.621012
-0.436332 -0.621432
-0.436332 -0.621667
-0.436332 -0.622005
-0.436332 -0.622633
-0.436332 -0.623459
-0.436332 -0.624204
-0.436332 -0.624657
-0.436332 -0.624892
-0.436332 -0.625199
-0.436332 -0.625796
-0.436332 -0.626623
-0.436332 -0.627401
-0.436332 -0.627891
-0.436332 -0.628131
-0.436332 -0.628408
-0.436332 -0.628972
-0.436332 -0.629796
-0.436332 -0.630606
-0.436332 -0.631135
-0.436332 -0.631384
-0.436332 -0.631633
-0.436332 -0.632161
-0.436332 -0.632976
-0.436332 -0.633816
-0.436332 -0.634387
-0.436332 -0.63465
-0.436332 -0.634873
-0.436332 -0.635362
-0.436332 -0.636164
-0.436332 -0.637031
-0.436332 -0.637645
-0.436332 -0.637928
-0.436332 -0.638128
-0.436332 -0.638577
-0.436332 -0.63936
-0.436332 -0.64025
-0.436332 -0.64091
-0.436332 -0.641217
-0.436332 -0.641398
-0.436332 -0.641804
-0.436332 -0.642564
-0.436332 -0.643473
-0.436332 -0.644179
-0.436332 -0.644516
-0.436332 -0.644681
-0.436332 -0.645044
-0.436332 -0.645776
-0.436332 -0.646699
-0.436332 -0.647451
-0.436332 -0.647822
-0.436332 -0.647977
-0.436332 -0.648295
-0.436332 -0.648993
-0.436332 -0.649926
-0.436332 -0.650724
-0.436332 -0.651135
-0.436332 -0.651284
-0.436332 -0.651559
-0.436332 -0.652219
-0.436332 -0.653155
-0.436332 -0.653998
-0.436332 -0.654453
-0.436332 -0.654602
-0.436332 -0.654834
-0.436332 -0.65545
-0.436332 -0.656385
-0.436332 -0.65727
-0.436332 -0.657773
-0.436332 -0.657928
-0.436332 -0.658119
-0.436332 -0.658689
-0.436332 -0.659615
-0.436332 -0.66054
-0.436332 -0.661094
-0.436332 -0.661262
-0.436332 -0.661413
-0.436332 -0.661932
-0.436332 -0.662844
-0.436332 -0.663805
-0.436332 -0.664414
-0.436332 -0.6646
-0.436332 -0.664716
-0.436332 -0.665181
-0.436332 -0.666071
-0.436332 -0.667066
-0.436332 -0.667732
-0.436332 -0.667943
-0.436332 -0.668027
-0.436332 -0.668435
-0.436332 -0.669297
-0.436332 -0.670319
-0.436332 -0.671044
-0.436332 -0.671288
-0.436332 -0.671345
-0.436332 -0.671693
-0.436332 -0.672521
-0.436332 -0.673564
-0.436332 -0.674349
-0.436332 -0.674632
-0.436332 -0.674668
-0.436332 -0.674956
-0.436332 -0.675742
-0.436332 -0.676801
-0.436332 -0.677646
-0.436332 -0.677975
-0.436332 -0.677995
-0.436332 -0.678223
-0.436332 -0.67896
-0.436332 -0.680028
-0.436332 -0.680932
-0.436332 -0.681314
-0.436332 -0.681326
-0.436332 -0.681492
-0.436332 -0.682176
-0.436332 -0.683245
-0.436332 -0.684206
-0.436332 -0.684646
-0.436332 -0.684658
-0.436332 -0.684765
-0.436332 -0.685388
-0.436332 -0.68645
-0.436332 -0.687466
-0.436332 -0.68797
-0.436332 -0.68799
-0.436332 -0.68804
-0.436332 -0.688597
-0.436332 -0.689645
-0.436332 -0.690711
-0.436332 -0.691284
-0.436332 -0.691319
-0.436332 -0.691316
-0.436332 -0.691802
-0.436332 -0.692826
-0.436332 -0.693939
-0.436332 -0.694585
-0.436332 -0.694646
-0.436332 -0.694594
-0.436332 -0.695004
-0.436332 -0.695997
-0.436332 -0.697149
-0.436332 -0.697871
-0.436332 -0.697968
-0.436332 -0.697872
-0.436332 -0.698204
-0.436332 -0.699154
-0.436332 -0.70034
-0.436332 -0.701141
-0.436332 -0.701282
-0.436332 -0.701149
-0.436332 -0.7014
-0.436332 -0.7023
-0.436332 -0.703512
-0.436332 -0.704393
-0.436332 -0.704587
-0.436332 -0.704425
-0.436332 -0.704592
-0.436332 -0.705434
-0.436332 -0.706663
-0.436332 -0.707623
-0.436332 -0.707881
-0.436332 -0.707699
-0.436332 -0.707782
-0.436332 -0.708556
-0.436332 -0.709793
-0.436332 -0.710831
-0.436332 -0.711162
-0.436332 -0.710968
-0.436332 -0.710969
-0.436332 -0.711668
-0.436332 -0.712902
-0.436332 -0.714016
-0.436332 -0.714426
-0.436332 -0.714233
-0.436332 -0.714153
-0.436332 -0.714767
-0.436332 -0.71599
-0.436332 -0.717175
-0.436332 -0.717673
-0.436332 -0.717492
-0.436332 -0.717334
-0.436332 -0.717857
-0.436332 -0.719056
-0.436332 -0.720306
-0.436332 -0.720899
-0.436332 -0.720742
-0.436332 -0.72051
-0.436332 -0.720937
-0.436332 -0.7221
-0.436332 -0.723409
-0.436332 -0.724102
-0.436332 -0.723982
-0.436332 -0.723684
-0.436332 -0.724007
-0.436332 -0.725124
-0.436332 -0.726484
-0.436332 -0.72728
-0.436332 -0.727211
-0.436332 -0.726854
-0.436332 -0.727069
-0.436332 -0.728127
-0.436332 -0.729528
-0.436332 -0.730431
-0.436332 -0.730424
-0.436332 -0.730019
-0.436332 -0.730122
-0.436332 -0.73111
-0.436332 -0.732542
-0.436332 -0.733552
-0.436332 -0.733622
-0.436332 -0.733178
-0.436332 -0.733168
-0.436332 -0.734074
-0.436332 -0.735525
-0.436332 -0.736641
-0.436332 -0.7368
-0.436332 -0.736331
-0.436332 -0.736207
-0.436332 -0.737019
-0.436332 -0.738476
-0.436332 -0.739697
-0.436332 -0.739958
-0.436332 -0.739476
-0.436332 -0.739239
-0.436332 -0.739946
-0.436332 -0.741397
-0.436332 -0.742718
-0.436332 -0.74309
-0.436332 -0.742613
-0.436332 -0.742265
-0.436332 -0.742857
-0.436332 -0.744287
-0.436332 -0.745701
-0.436332 -0.746196
-0.436332 -0.745738
-0.436332 -0.745286
-0.436332 -0.745753
-0.436332 -0.747146
-0.436332 -0.748645
-0.436332 -0.74927
-0.436332 -0.74885
-0.436332 -0.748299
-0.436332 -0.748633
-0.436332 -0.749974
-0.436332 -0.751549
-0.436332 -0.752312
-0.436332 -0.751947
-0.436332 -0.751307
-0.436332 -0.7515
-0.436332 -0.752774
-0.436332 -0.754412
-0.436332 -0.755317
-0.436332 -0.755025
-0.436332 -0.754308
-0.436332 -0.754354
-0.436332 -0.755545
-0.436332 -0.757234
-0.436332 -0.758283
-0.436332 -0.758083
-0.436332 -0.757302
-0.436332 -0.757197
-0.436332 -0.758289
-0.436332 -0.760013
-0.436332 -0.761207
-0.436332 -0.761117
-0.436332 -0.760288
-0.436332 -0.760029
-0.436332 -0.761008
-0.436332 -0.76275
-0.436332 -0.764086
-0.436332 -0.764123
-0.436332 -0.763265
-0.436332 -0.762851
-0.436332 -0.763701
-0.436332 -0.765445
-0.436332 -0.766919
-0.436332 -0.767099
-0.436332 -0.766231
-0.436332 -0.765665
-0.436332 -0.766371
-0.436332 -0.768097
-0.436332 -0.769702
-0.436332 -0.770039
-0.436332 -0.769183
-0.436332 -0.76847
-0.436332 -0.769018
-0.436332 -0.770709
-0.436332 -0.772433
-0.436332 -0.772941
-0.436332 -0.77212
-0.436332 -0.771266
-0.436332 -0.771645
-0.436332 -0.773279
-0.436332 -0.775111
-0.436332 -0.775799
-0.436332 -0.775038
-0.436332 -0.774055
-0.436332 -0.774253
-0.436332 -0.775811
-0.436332 -0.777735
-0.436332 -0.778611
-0.436332 -0.777935
-0.436332 -0.776837
-0.436332 -0.776844
-0.436332 -0.778305
-0.436332 -0.780305
-0.436332 -0.781373
-0.436332 -0.780806
-0.436332 -0.77961
-0.436332 -0.779419
-0.436332 -0.780762
-0.436332 -0.782818
-0.436332 -0.78408
-0.436332 -0.783648
-0.436332 -0.782374
-0.436332 -0.78198
-0.436332 -0.783185
-0.436332 -0.785275
-0.436332 -0.786729
-0.436332 -0.786456
-0.436332 -0.785127
-0.436332 -0.784528
-0.436332 -0.785575
-0.436332 -0.787677
-0.436332 -0.789316
-0.436332 -0.789225
-0.436332 -0.787867
-0.436332 -0.787064
-0.436332 -0.787935
-0.436332 -0.790024
-0.436332 -0.79184
-0.436332 -0.79195
-0.436332 -0.790593
-0.436332 -0.789589
-0.436332 -0.790265
-0.436332 -0.792317
-0.436332 -0.794296
-0.436332 -0.794625
-0.436332 -0.793301
-0.436332 -0.792105
-0.436332 -0.792568
-0.436332 -0.794558
-0.436332 -0.796683
-0.436332 -0.797246
-0.436332 -0.795986
-0.436332 -0.794611
-0.436332 -0.794847
-0.436332 -0.796748
-0.436332 -0.798999
-0.436332 -0.799807
-0.436332 -0.798646
-0.436332 -0.797109
-0.436332 -0.797103
-0.436332 -0.798889
-0.436332 -0.801244
-0.436332 -0.802303
-0.436332 -0.801275
-0.436332 -0.799598
-0.436332 -0.799339
-0.436332 -0.800985
-0.436332 -0.803416
-0.436332 -0.804729
-0.436332 -0.803867
-0.436332 -0.802076
-0.436332 -0.801557
-0.436332 -0.803036
-0.436332 -0.805518
-0.436332 -0.80708
-0.436332 -0.806416
-0.436332 -0.804543
-0.436332 -0.803759
-0.436332 -0.805047
-0.436332 -0.807548
-0.436332 -0.809351
-0.436332 -0.808917
-0.436332 -0.806995
-0.436332 -0.805946
-0.436332 -0.807018
-0.436332 -0.809508
-0.436332 -0.81154
-0.436332 -0.811361
-0.436332 -0.809429
-0.436332 -0.808121
-0.436332 -0.808953
-0.436332 -0.8114
-0.436332 -0.813642
-0.436332 -0.813742
-0.436332 -0.811841
-0.436332 -0.810284
-0.436332 -0.810856
-0.436332 -0.813227
-0.436332 -0.815656
-0.436332 -0.816053
-0.436332 -0.814229
-0.436332 -0.812437
-0.436332 -0.812729
-0.436332 -0.814993
-0.436332 -0.81758
-0.436332 -0.818287
-0.436332 -0.816582
-0.436332 -0.814579
-0.436332 -0.814574
-0.436332 -0.816698
-0.436332 -0.819414
-0.436332 -0.820438
-0.436332 -0.818896
-0.436332 -0.816711
-0.436332 -0.816395
-0.436332 -0.818347
-0.436332 -0.821156
-0.436332 -0.822498
-0.436332 -0.821164
-0.436332 -0.818831
-0.436332 -0.818193
-0.436332 -0.819944
-0.436332 -0.82281
-0.436332 -0.824463
-0.436332 -0.823377
-0.436332 -0.820937
-0.436332 -0.819973
-0.436332 -0.821492
-0.436332 -0.824377
-0.436332 -0.826328
-0.436332 -0.825526
-0.436332 -0.823025
-0.436332 -0.821735
-0.436332 -0.822995
-0.436332 -0.825859
-0.436332 -0.828088
-0.436332 -0.827604
-0.436332 -0.825091
-0.436332 -0.823483
-0.436332 -0.824455
-0.436332 -0.82726
-0.436332 -0.82974
-0.436332 -0.829601
-0.436332 -0.827131
-0.436332 -0.825217
-0.436332 -0.825879
-0.436332 -0.828584
-0.436332 -0.831284
-0.436332 -0.831509
-0.436332 -0.829136
-0.436332 -0.82694
-0.436332 -0.827267
-0.436332 -0.829836
-0.436332 -0.832718
-0.436332 -0.833321
-0.436332 -0.831099
-0.436332 -0.828651
-0.436332 -0.828625
-0.436332 -0.831021
-0.436332 -0.834043
-0.436332 -0.835028
-0.436332 -0.833012
-0.436332 -0.83035
-0.436332 -0.829956
-0.436332 -0.832143
-0.436332 -0.835263
-0.436332 -0.836625
-0.436332 -0.834867
-0.436332 -0.832036
-0.436332 -0.831264
-0.436332 -0.833209
-0.436332 -0.836379
-0.436332 -0.838106
-0.436332 -0.836653
-0.436332 -0.833706
-0.436332 -0.832552
-0.436332 -0.834223
-0.436332 -0.837398
-0.436332 -0.839468
-0.436332 -0.83836
-0.436332 -0.835355
-0.436332 -0.833824
-0.436332 -0.835189
-0.436332 -0.838322
-0.436332 -0.840707
-0.436332 -0.83998
-0.436332 -0.836978
-0.436332 -0.835081
-0.436332 -0.836113
-0.436332 -0.839159
-0.436332 -0.841822
-0.436332 -0.841504
-0.436332 -0.838568
-0.436332 -0.836328
-0.436332 -0.837
-0.436332 -0.839917
-0.436332 -0.842816
-0.436332 -0.842923
-0.436332 -0.840119
-0.436332 -0.837564
-0.436332 -0.837855
-0.436332 -0.8406
-0.436332 -0.843688
-0.436332 -0.844229
-0.436332 -0.841621
-0.436332 -0.838792
-0.436332 -0.838682
-0.436332 -0.841217
-0.436332 -0.844444
-0.436332 -0.845418
-0.436332 -0.843065
-0.436332 -0.840011
-0.436332 -0.839487
-0.436332 -0.841775
-0.436332 -0.845087
-0.436332 -0.846483
-0.436332 -0.84444
-0.436332 -0.841217
-0.436332 -0.840272
-0.436332 -0.842279
-0.436332 -0.845625
-0.436332 -0.847422
-0.436332 -0.845739
-0.436332 -0.84241
-0.436332 -0.841045
-0.436332 -0.842739
-0.436332 -0.846066
-0.436332 -0.848232
-0.436332 -0.846951
-0.436332 -0.843583
-0.436332 -0.841807
-0.436332 -0.843157
-0.436332 -0.846416
-0.436332 -0.848914
-0.436332 -0.848067
-0.436332 -0.84473
-0.436332 -0.842563
-0.436332 -0.843542
-0.436332 -0.846683
-0.436332 -0.849468
-0.436332 -0.849078
-0.436332 -0.845845
-0.436332 -0.843315
-0.436332 -0.843897
-0.436332 -0.846877
-0.436332 -0.849898
-0.436332 -0.849978
-0.436332 -0.846917
-0.436332 -0.844064
-0.436332 -0.84423
-0.436332 -0.847005
-0.436332 -0.850208
-0.436332 -0.85076
-0.436332 -0.847939
-0.436332 -0.844812
-0.436332 -0.844544
-0.436332 -0.847078
-0.436332 -0.850404
-0.436332 -0.85142
-0.436332 -0.848901
-0.436332 -0.845556
-0.436332 -0.844846
-0.436332 -0.847101
-0.436332 -0.850493
-0.436332 -0.851953
-0.436332 -0.849791
-0.436332 -0.846293
-0.436332 -0.845137
-0.436332 -0.847081
-0.436332 -0.850483
-0.436332 -0.852358
-0.436332 -0.8506
-0.436332 -0.84702
-0.436332 -0.845424
-0.436332 -0.847025
-0.436332 -0.850383
-0.436332 -0.852635
-0.436332 -0.851319
-0.436332 -0.84773
-0.436332 -0.84571
-0.436332 -0.846939
-0.436332 -0.8502
-0.436332 -0.852783
-0.436332 -0.851937
-0.436332 -0.848415
-0.436332 -0.845996
-0.436332 -0.846828
-0.436332 -0.849945
-0.436332 -0.852807
-0.436332 -0.852448
-0.436332 -0.849066
-0.436332 -0.846284
-0.436332 -0.846696
-0.436332 -0.849625
-0.436332 -0.85271
-0.436332 -0.852845
-0.436332 -0.849675
-0.436332 -0.846576
-0.436332 -0.846548
-0.436332 -0.849247
-0.436332 -0.852495
-0.436332 -0.853121
-0.436332 -0.850228
-0.436332 -0.846868
-0.436332 -0.846388
-0.436332 -0.84882
-0.436332 -0.85217
-0.436332 -0.853271
-0.436332 -0.850717
-0.436332 -0.847159
-0.436332 -0.846221
-0.436332 -0.848351
-0.436332 -0.851744
-0.436332 -0.853292
-0.436332 -0.851129
-0.436332 -0.847444
-0.436332 -0.846048
-0.436332 -0.847845
-0.436332 -0.851223
-0.436332 -0.853185
-0.436332 -0.851455
-0.436332 -0.847717
-0.436332 -0.845875
-0.436332 -0.847307
-0.436332 -0.850616
-0.436332 -0.852946
-0.436332 -0.851685
-0.436332 -0.84797
-0.436332 -0.845702
-0.436332 -0.846743
-0.436332 -0.849931
-0.436332 -0.852579
-0.436332 -0.851808
-0.436332 -0.848192
-0.436332 -0.84553
-0.436332 -0.846155
-0.436332 -0.849175
-0.436332 -0.852085
-0.436332 -0.851817
-0.436332 -0.848375
-0.436332 -0.845361
-0.436332 -0.845549
-0.436332 -0.848358
-0.436332 -0.851469
-0.436332 -0.851705
-0.436332 -0.848507
-0.436332 -0.845192
-0.436332 -0.844928
-0.436332 -0.847486
-0.436332 -0.850736
-0.436332 -0.851466
-0.436332 -0.848577
-0.436332 -0.845021
-0.436332 -0.844294
-0.436332 -0.846565
-0.436332 -0.849894
-0.436332 -0.851096
-0.436332 -0.848575
-0.436332 -0.844846
-0.436332 -0.843652
-0.436332 -0.845604
-0.436332 -0.84895
-0.436332 -0.850594
-0.436332 -0.848488
-0.436332 -0.84466
-0.436332 -0.843006
-0.436332 -0.844605
-0.436332 -0.847912
-0.436332 -0.849957
-0.436332 -0.848306
-0.436332 -0.844455
-0.436332 -0.842356
-0.436332 -0.843575
-0.436332 -0.846789
-0.436332 -0.849187
-0.436332 -0.848021
-0.436332 -0.844224
-0.436332 -0.841707
-0.436332 -0.84252
-0.436332 -0.84559
-0.436332 -0.848286
-0.436332 -0.847623
-0.436332 -0.843958
-0.436332 -0.841057
-0.436332 -0.841441
-0.436332 -0.844322
-0.436332 -0.847258
-0.436332 -0.847105
-0.436332 -0.843645
-0.436332 -0.840408
-0.436332 -0.840344
-0.436332 -0.842995
-0.436332 -0.846108
-0.436332 -0.846462
-0.436332 -0.843276
-0.436332 -0.839758
-0.436332 -0.839233
-0.436332 -0.841616
-0.436332 -0.844844
-0.436332 -0.845689
-0.436332 -0.84284
-0.436332 -0.839107
-0.436332 -0.838113
-0.436332 -0.840193
-0.436332 -0.843474
-0.436332 -0.844784
-0.436332 -0.842327
-0.436332 -0.838449
-0.436332 -0.836987
-0.436332 -0.838731
-0.436332 -0.842006
-0.436332 -0.843746
-0.436332 -0.841726
-0.436332 -0.837779
-0.436332 -0.835859
-0.436332 -0.837237
-0.436332 -0.840448
-0.436332 -0.842575
-0.436332 -0.841028
-0.436332 -0.83709
-0.436332 -0.834732
-0.436332 -0.835717
-0.436332 -0.838813
-0.436332 -0.841274
-0.436332 -0.840225
-0.436332 -0.836375
-0.436332 -0.833609
-0.436332 -0.834176
-0.436332 -0.837109
-0.436332 -0.839846
-0.436332 -0.839311
-0.436332 -0.835624
-0.436332 -0.832491
-0.436332 -0.83262
-0.436332 -0.835345
-0.436332 -0.838299
-0.436332 -0.838278
-0.436332 -0.834828
-0.436332 -0.83138
-0.436332 -0.831053
-0.436332 -0.83353
-0.436332 -0.836637
-0.436332 -0.837122
-0.436332 -0.833977
-0.436332 -0.830273
-0.436332 -0.82948
-0.436332 -0.831674
-0.436332 -0.83487
-0.436332 -0.835842
-0.436332 -0.833061
-0.436332 -0.829171
-0.436332 -0.827907
-0.436332 -0.829784
-0.436332 -0.833008
-0.436332 -0.834437
-0.436332 -0.832072
-0.436332 -0.828068
-0.436332 -0.826339
-0.436332 -0.827867
-0.436332 -0.831061
-0.436332 -0.832906
-0.436332 -0.830999
-0.436332 -0.826959
-0.436332 -0.824778
-0.436332 -0.825928
-0.436332 -0.829037
-0.436332 -0.831251
-0.436332 -0.829834
-0.436332 -0.825838
-0.436332 -0.823229
-0.436332 -0.823977
-0.436332 -0.82695
-0.436332 -0.829477
-0.436332 -0.828571
-0.436332 -0.824697
-0.436332 -0.821696
-0.436332 -0.822016
-0.436332 -0.824808
-0.436332 -0.827589
-0.436332 -0.827204
-0.436332 -0.823527
-0.436332 -0.82018
-0.436332 -0.820054
-0.436332 -0.822621
-0.436332 -0.825594
-0.436332 -0.825727
-0.436332 -0.82232
-0.436332 -0.818681
-0.436332 -0.818095
-0.436332 -0.820399
-0.436332 -0.8235
-0.436332 -0.824137
-0.436332 -0.821064
-0.436332 -0.817199
-0.436332 -0.816144
-0.436332 -0.818151
-0.436332 -0.821316
-0.436332 -0.822433
-0.436332 -0.819752
-0.436332 -0.815731
-0.436332 -0.814206
-0.436332 -0.815882
-0.436332 -0.819052
-0.436332 -0.820614
-0.436332 -0.818373
-0.436332 -0.814271
-0.436332 -0.812287
-0.436332 -0.813603
-0.436332 -0.816719
-0.436332 -0.818682
-0.436332 -0.816919
-0.436332 -0.812817
-0.436332 -0.81039
-0.436332 -0.811317
-0.436332 -0.814327
-0.436332 -0.81664
-0.436332 -0.815382
-0.436332 -0.811359
-0.436332 -0.808518
-0.436332 -0.809033
-0.436332 -0.811887
-0.436332 -0.81449
-0.436332 -0.813755
-0.436332 -0.809889
-0.436332 -0.806674
-0.436332 -0.806754
-0.436332 -0.809408
-0.436332 -0.812241
-0.436332 -0.812032
-0.436332 -0.808398
-0.436332 -0.804859
-0.436332 -0.804487
-0.436332 -0.8069
-0.436332 -0.8099
-0.436332 -0.810209
-0.436332 -0.806876
-0.436332 -0.803073
-0.436332 -0.802237
-0.436332 -0.804373
-0.436332 -0.807474
-0.436332 -0.808283
-0.436332 -0.805315
-0.436332 -0.801314
-0.436332 -0.800008
-0.436332 -0.801833
-0.436332 -0.804973
-0.436332 -0.806252
-0.436332 -0.803701
-0.436332 -0.799578
-0.436332 -0.797805
-0.436332 -0.799287
-0.436332 -0.802407
-0.436332 -0.804117
-0.436332 -0.802029
-0.436332 -0.79786
-0.436332 -0.795633
-0.436332 -0.796743
-0.436332 -0.799787
-0.436332 -0.80188
-0.436332 -0.800288
-0.436332 -0.796154
-0.436332 -0.793496
-0.436332 -0.794207
-0.436332 -0.797123
-0.436332 -0.799543
-0.436332 -0.79847
-0.436332 -0.794449
-0.436332 -0.791394
-0.436332 -0.791682
-0.436332 -0.794423
-0.436332 -0.797111
-0.436332 -0.796568
-0.436332 -0.79274
-0.436332 -0.78933
-0.436332 -0.789176
-0.436332 -0.791699
-0.436332 -0.79459
-0.436332 -0.794577
-0.436332 -0.791014
-0.436332 -0.787305
-0.436332 -0.786694
-0.436332 -0.788959
-0.436332 -0.79199
-0.436332 -0.792493
-0.436332 -0.789263
-0.436332 -0.785317
-0.436332 -0.784238
-0.436332 -0.786211
-0.436332 -0.789317
-0.436332 -0.790313
-0.436332 -0.787475
-0.436332 -0.783362
-0.436332 -0.781815
-0.436332 -0.783463
-0.436332 -0.786581
-0.436332 -0.788035
-0.436332 -0.78564
-0.436332 -0.781437
-0.436332 -0.779427
-0.436332 -0.780719
-0.436332 -0.783792
-0.436332 -0.78566
-0.436332 -0.783748
-0.436332 -0.779535
-0.436332 -0.777078
-0.436332 -0.777987
-0.436332 -0.780961
-0.436332 -0.783191
-0.436332 -0.781791
-0.436332 -0.777648
-0.436332 -0.774773
-0.436332 -0.775273
-0.436332 -0.778097
-0.436332 -0.78063
-0.436332 -0.779762
-0.436332 -0.775769
-0.436332 -0.772512
-0.436332 -0.77258
-0.436332 -0.77521
-0.436332 -0.777985
-0.436332 -0.777653
-0.436332 -0.773886
-0.436332 -0.770297
-0.436332 -0.769915
-0.436332 -0.77231
-0.436332 -0.775261
-0.436332 -0.775459
-0.436332 -0.771991
-0.436332 -0.768127
-0.436332 -0.767282
-0.436332 -0.769403
-0.436332 -0.772466
-0.436332 -0.773176
-0.436332 -0.770071
-0.436332 -0.766
-0.436332 -0.764686
-0.436332 -0.7665
-0.436332 -0.76961
-0.436332 -0.770803
-0.436332 -0.768118
-0.436332 -0.763912
-0.436332 -0.762129
-0.436332 -0.763604
-0.436332 -0.766702
-0.436332 -0.768338
-0.436332 -0.766119
-0.436332 -0.761858
-0.436332 -0.759618
-0.436332 -0.760724
-0.436332 -0.763752
-0.436332 -0.765783
-0.436332 -0.764067
-0.436332 -0.759831
-0.436332 -0.757154
-0.436332 -0.757865
-0.436332 -0.76077
-0.436332 -0.763141
-0.436332 -0.761952
-0.436332 -0.757823
-0.436332 -0.75474
-0.436332 -0.755032
-0.436332 -0.757767
-0.436332 -0.760417
-0.436332 -0.759768
-0.436332 -0.755824
-0.436332 -0.75238
-0.436332 -0.75223
-0.436332 -0.754752
-0.436332 -0.757615
-0.436332 -0.757507
-0.436332 -0.753825
-0.436332 -0.750071
-0.436332 -0.749465
-0.436332 -0.751733
-0.436332 -0.754745
-0.436332 -0.755165
-0.436332 -0.751814
-0.436332 -0.747813
-0.436332 -0.746739
-0.436332 -0.748719
-0.436332 -0.751814
-0.436332 -0.75274
-0.436332 -0.749783
-0.436332 -0.745605
-0.436332 -0.74406
-0.436332 -0.745717
-0.436332 -0.748833
-0.436332 -0.75023
-0.436332 -0.747718
-0.436332 -0.743439
-0.436332 -0.741429
-0.436332 -0.742733
-0.436332 -0.74581
-0.436332 -0.747634
-0.436332 -0.745611
-0.436332 -0.741312
-0.436332 -0.738851
-0.436332 -0.739775
-0.436332 -0.742758
-0.436332 -0.744956
-0.436332 -0.743454
-0.436332 -0.739217
-0.436332 -0.736331
-0.436332 -0.736847
-0.436332 -0.739685
-0.436332 -0.742199
-0.436332 -0.741238
-0.436332 -0.737144
-0.436332 -0.733868
-0.436332 -0.733954
-0.436332 -0.736601
-0.436332 -0.739367
-0.436332 -0.738954
-0.436332 -0.735083
-0.436332 -0.731464
-0.436332 -0.731102
-0.436332 -0.733516
-0.436332 -0.736469
-0.436332 -0.736599
-0.436332 -0.733024
-0.436332 -0.729122
-0.436332 -0.728296
-0.436332 -0.73044
-0.436332 -0.733513
-0.436332 -0.734167
-0.436332 -0.730956
-0.436332 -0.726835
-0.436332 -0.725538
-0.436332 -0.727378
-0.436332 -0.730506
-0.436332 -0.731657
-0.436332 -0.728869
-0.436332 -0.724603
-0.436332 -0.722835
-0.436332 -0.724339
-0.436332 -0.72746
-0.436332 -0.729068
-0.436332 -0.726752
-0.436332 -0.722421
-0.436332 -0.720191
-0.436332 -0.721328
-0.436332 -0.724385
-0.436332 -0.726401
-0.436332 -0.724594
-0.436332 -0.72028
-0.436332 -0.717608
-0.436332 -0.718351
-0.436332 -0.72129
-0.436332 -0.723658
-0.436332 -0.722389
-0.436332 -0.718174
-0.436332 -0.71509
-0.436332 -0.715414
-0.436332 -0.718186
-0.436332 -0.720845
-0.436332 -0.720128
-0.436332 -0.716094
-0.436332 -0.712637
-0.436332 -0.712522
-0.436332 -0.715083
-0.436332 -0.717966
-0.436332 -0.717803
-0.436332 -0.714028
-0.436332 -0.710252
-0.436332 -0.70968
-0.436332 -0.71199
-0.436332 -0.715031
-0.436332 -0.715409
-0.436332 -0.711965
-0.436332 -0.707932
-0.436332 -0.706891
-0.436332 -0.708914
-0.436332 -0.712047
-0.436332 -0.712945
-0.436332 -0.709896
-0.436332 -0.705675
-0.436332 -0.704161
-0.436332 -0.705864
-0.436332 -0.709023
-0.436332 -0.710407
-0.436332 -0.707809
-0.436332 -0.703478
-0.436332 -0.701493
-0.436332 -0.702845
-0.436332 -0.705971
-0.436332 -0.707794
-0.436332 -0.705694
-0.436332 -0.701333
-0.436332 -0.698893
-0.436332 -0.699864
-0.436332 -0.7029
-0.436332 -0.705111
-0.436332 -0.703541
-0.436332 -0.699235
-0.436332 -0.696362
-0.436332 -0.696927
-0.436332 -0.699821
-0.436332 -0.702359
-0.436332 -0.701341
-0.436332 -0.697172
-0.436332 -0.693902
-0.436332 -0.694038
-0.436332 -0.696743
-0.436332 -0.699545
-0.436332 -0.699087
-0.436332 -0.695137
-0.436332 -0.691514
-0.436332 -0.691201
-0.436332 -0.693676
-0.436332 -0.696673
-0.436332 -0.696771
-0.436332 -0.693117
-0.436332 -0.6892
-0.436332 -0.688422
-0.436332 -0.690628
-0.436332 -0.693753
-0.436332 -0.694391
-0.436332 -0.691102
-0.436332 -0.686956
-0.436332 -0.685704
-0.436332 -0.687607
-0.436332 -0.690795
-0.436332 -0.691943
-0.436332 -0.689081
-0.436332 -0.684781
-0.436332 -0.683054
-0.436332 -0.68462
-0.436332 -0.687807
-0.436332 -0.689426
-0.436332 -0.687042
-0.436332 -0.682667
-0.436332 -0.680473
-0.436332 -0.681674
-0.436332 -0.6848
-0.436332 -0.68684
-0.436332 -0.684975
-0.436332 -0.680608
-0.436332 -0.677965
-0.436332 -0.678772
-0.436332 -0.681783
-0.436332 -0.684189
-0.436332 -0.682872
-0.436332 -0.678597
-0.436332 -0.675534
-0.436332 -0.675922
-0.436332 -0.678768
-0.436332 -0.681475
-0.436332 -0.680722
-0.436332 -0.676624
-0.436332 -0.67318
-0.436332 -0.673128
-0.436332 -0.675765
-0.436332 -0.678705
-0.436332 -0.678518
-0.436332 -0.674677
-0.436332 -0.670904
-0.436332 -0.670393
-0.436332 -0.67278
-0.436332 -0.675887
-0.436332 -0.676256
-0.436332 -0.672747
-0.436332 -0.668706
-0.436332 -0.667724
-0.436332 -0.669824
-0.436332 -0.673029
-0.436332 -0.673932
-0.436332 -0.670821
-0.436332 -0.666582
-0.436332 -0.665123
-0.436332 -0.666903
-0.436332 -0.670141
-0.436332 -0.671543
-0.436332 -0.668888
-0.436332 -0.664529
-0.436332 -0.662595
-0.436332 -0.664023
-0.436332 -0.667232
-0.436332 -0.669088
-0.436332 -0.666937
-0.436332 -0.66254
-0.436332 -0.660143
-0.436332 -0.661192
-0.436332 -0.664313
-0.436332 -0.666569
-0.436332 -0.664958
-0.436332 -0.660608
-0.436332 -0.657772
-0.436332 -0.658413
-0.436332 -0.661395
-0.436332 -0.66399
-0.436332 -0.662942
-0.436332 -0.658725
-0.436332 -0.655482
-0.436332 -0.655693
-0.436332 -0.658487
-0.436332 -0.661355
-0.436332 -0.660881
-0.436332 -0.656879
-0.436332 -0.653275
-0.436332 -0.653035
-0.436332 -0.655599
-0.436332 -0.658671
-0.436332 -0.658766
-0.436332 -0.655059
-0.436332 -0.651151
-0.436332 -0.650444
-0.436332 -0.652739
-0.436332 -0.655948
-0.436332 -0.656596
-0.436332 -0.653255
-0.436332 -0.649109
-0.436332 -0.647924
-0.436332 -0.649915
-0.436332 -0.653191
-0.436332 -0.654364
-0.436332 -0.651455
-0.436332 -0.647144
-0.436332 -0.645481
-0.436332 -0.647135
-0.436332 -0.650414
-0.436332 -0.652071
-0.436332 -0.649647
-0.436332 -0.645253
-0.436332 -0.643116
-0.436332 -0.644404
-0.436332 -0.647626
-0.436332 -0.649717
-0.436332 -0.64782
-0.436332 -0.643426
-0.436332 -0.640835
-0.436332 -0.641728
-0.436332 -0.644836
-0.436332 -0.647303
-0.436332 -0.645964
-0.436332 -0.641657
-0.436332 -0.638638
-0.436332 -0.639111
-0.436332 -0.642056
-0.436332 -0.644835
-0.436332 -0.644071
-0.436332 -0.639937
-0.436332 -0.636529
-0.436332 -0.63656
-0.436332 -0.639296
-0.436332 -0.642317
-0.436332 -0.642133
-0.436332 -0.638254
-0.436332 -0.634508
-0.436332 -0.634078
-0.436332 -0.636563
-0.436332 -0.639758
-0.436332 -0.640143
-0.436332 -0.636596
-0.436332 -0.632573
-0.436332 -0.631669
-0.436332 -0.633867
-0.436332 -0.637167
-0.436332 -0.638098
-0.436332 -0.634953
-0.436332 -0.630723
-0.436332 -0.629338
-0.436332 -0.631215
-0.436332 -0.634552
-0.436332 -0.635994
-0.436332 -0.633311
-0.436332 -0.628953
-0.436332 -0.627089
-0.436332 -0.628613
-0.436332 -0.631923
-0.436332 -0.633832
-0.436332 -0.63166
-0.436332 -0.627256
-0.436332 -0.624925
-0.436332 -0.626068
-0.436332 -0.629293
-0.436332 -0.631613
-0.436332 -0.62999
-0.436332 -0.625627
-0.436332 -0.622849
-0.436332 -0.623584
-0.436332 -0.626671
-0.436332 -0.62934
-0.436332 -0.62829
-0.436332 -0.624055
-0.436332 -0.620865
-0.436332 -0.621167
-0.436332 -0.624067
-0.436332 -0.627018
-0.436332 -0.626552
-0.436332 -0.62253
-0.436332 -0.618971
-0.436332 -0.618821
-0.436332 -0.62149
-0.436332 -0.624654
-0.436332 -0.624769
-0.436332 -0.621042
-0.436332 -0.61717
-0.436332 -0.61655
-0.436332 -0.61895
-0.436332 -0.622255
-0.436332 -0.622935
-0.436332 -0.619577
-0.436332 -0.615459
-0.436332 -0.614359
-0.436332 -0.616454
-0.436332 -0.619832
-0.436332 -0.621047
-0.436332 -0.618124
-0.436332 -0.613834
-0.436332 -0.612252
-0.436332 -0.614008
-0.436332 -0.617393
-0.436332 -0.619104
-0.436332 -0.616671
-0.436332 -0.612291
-0.436332 -0.610231
-0.436332 -0.61162
-0.436332 -0.614949
-0.436332 -0.617105
-0.436332 -0.615207
-0.436332 -0.610822
-0.436332 -0.608302
-0.436332 -0.609295
-0.436332 -0.612512
-0.436332 -0.615053
-0.436332 -0.61372
-0.436332 -0.609418
-0.436332 -0.606466
-0.436332 -0.607037
-0.436332 -0.610091
-0.436332 -0.612952
-0.436332 -0.612204
-0.436332 -0.608072
-0.436332 -0.604725
-0.436332 -0.604852
-0.436332 -0.607697
-0.436332 -0.610808
-0.436332 -0.61065
-0.436332 -0.606771
-0.436332 -0.603079
-0.436332 -0.602744
-0.436332 -0.605337
-0.436332 -0.608629
-0.436332 -0.609049
-0.436332 -0.605503
-0.436332 -0.601528
-0.436332 -0.600717
-0.436332 -0.603021
-0.436332 -0.606421
-0.436332 -0.607398
-0.436332 -0.604256
-0.436332 -0.600069
-0.436332 -0.598774
-0.436332 -0.600756
-0.436332 -0.604197
-0.436332 -0.605695
-0.436332 -0.603018
-0.436332 -0.598696
-0.436332 -0.59692
-0.436332 -0.598549
-0.436332 -0.601965
-0.436332 -0.603938
-0.436332 -0.601778
-0.436332 -0.597406
-0.436332 -0.595159
-0.436332 -0.596404
-0.436332 -0.599737
-0.436332 -0.602129
-0.436332 -0.600524
-0.436332 -0.596189
-0.436332 -0.593492
-0.436332 -0.594328
-0.436332 -0.597523
-0.436332 -0.600272
-0.436332 -0.599246
-0.436332 -0.595036
-0.436332 -0.591923
-0.436332 -0.592325
-0.436332 -0.595333
-0.436332 -0.59837
-0.436332 -0.597935
-0.436332 -0.593937
-0.436332 -0.590451
-0.436332 -0.5904
-0.436332 -0.593176
-0.436332 -0.596431
-0.436332 -0.596585
-0.436332 -0.59288
-0.436332 -0.589078
-0.436332 -0.588556
-0.436332 -0.591062
-0.436332 -0.594462
-0.436332 -0.59519
-0.436332 -0.591854
-0.436332 -0.587801
-0.436332 -0.586798
-0.436332 -0.588997
-0.436332 -0.592474
-0.436332 -0.593744
-0.436332 -0.590845
-0.436332 -0.586616
-0.436332 -0.585129
-0.436332 -0.586989
-0.436332 -0.590475
-0.436332 -0.592247
-0.436332 -0.589841
-0.436332 -0.585518
-0.436332 -0.583554
-0.436332 -0.585045
-0.436332 -0.588477
-0.436332 -0.5907
-0.436332 -0.588832
-0.436332 -0.584501
-0.436332 -0.582075
-0.436332 -0.583169
-0.436332 -0.586489
-0.436332 -0.589104
-0.436332 -0.587807
-0.436332 -0.583554
-0.436332 -0.580694
-0.436332 -0.581367
-0.436332 -0.584523
-0.436332 -0.587463
-0.436332 -0.586755
-0.436332 -0.58267
-0.436332 -0.579413
-0.436332 -0.579641
-0.436332 -0.582589
-0.436332 -0.585783
-0.436332 -0.585669
-0.436332 -0.581836
-0.436332 -0.578232
-0.436332 -0.577998
-0.436332 -0.580693
-0.436332 -0.584071
-0.436332 -0.584541
-0.436332 -0.58104
-0.436332 -0.577151
-0.436332 -0.576441
-0.436332 -0.578847
-0.436332 -0.582337
-0.436332 -0.583368
-0.436332 -0.580269
-0.436332 -0.576166
-0.436332 -0.574974
-0.436332 -0.577056
-0.436332 -0.580588
-0.436332 -0.582145
-0.436332 -0.579513
-0.436332 -0.575272
-0.436332 -0.573599
-0.436332 -0.575327
-0.436332 -0.578837
-0.436332 -0.580873
-0.436332 -0.578759
-0.436332 -0.574464
-0.436332 -0.572321
-0.436332 -0.573667
-0.436332 -0.577094
-0.436332 -0.579553
-0.436332 -0.577994
-0.436332 -0.573733
-0.436332 -0.571142
-0.436332 -0.572078
-0.436332 -0.575367
-0.436332 -0.578187
-0.436332 -0.577209
-0.436332 -0.573071
-0.436332 -0.570063
-0.436332 -0.570567
-0.436332 -0.573669
-0.436332 -0.576779
-0.436332 -0.576395
-0.436332 -0.572466
-0.436332 -0.569086
-0.436332 -0.569137
-0.436332 -0.572009
-0.436332 -0.575339
-0.436332 -0.575545
-0.436332 -0.571907
-0.436332 -0.56821
-0.436332 -0.567792
-0.436332 -0.570394
-0.436332 -0.573872
-0.436332 -0.574653
-0.436332 -0.571382
-0.436332 -0.567432
-0.436332 -0.566536
-0.436332 -0.568832
-0.436332 -0.572388
-0.436332 -0.573713
-0.436332 -0.570877
-0.436332 -0.56675
-0.436332 -0.565373
-0.436332 -0.56733
-0.436332 -0.570897
-0.436332 -0.572726
-0.436332 -0.570381
-0.436332 -0.566157
-0.436332 -0.564306
-0.436332 -0.565894
-0.436332 -0.569409
-0.436332 -0.571691
-0.436332 -0.569882
-0.436332 -0.565648
-0.436332 -0.563337
-0.436332 -0.564531
-0.436332 -0.567935
-0.436332 -0.57061
-0.436332 -0.56937
-0.436332 -0.565212
-0.436332 -0.562469
-0.436332 -0.563242
-0.436332 -0.566485
-0.436332 -0.569486
-0.436332 -0.568833
-0.436332 -0.564839
-0.436332 -0.561703
-0.436332 -0.562034
-0.436332 -0.565069
-0.436332 -0.568326
-0.436332 -0.568264
-0.436332 -0.564519
-0.436332 -0.561038
-0.436332 -0.56091
-0.436332 -0.563694
-0.436332 -0.567136
-0.436332 -0.567657
-0.436332 -0.56424
-0.436332 -0.560473
-0.436332 -0.559874
-0.436332 -0.56237
-0.436332 -0.565927
-0.436332 -0.567008
-0.436332 -0.563988
-0.436332 -0.560006
-0.436332 -0.558929
-0.436332 -0.561104
-0.436332 -0.564706
-0.436332 -0.566311
-0.436332 -0.563753
-0.436332 -0.559632
-0.436332 -0.558079
-0.436332 -0.559902
-0.436332 -0.563483
-0.436332 -0.565567
-0.436332 -0.563521
-0.436332 -0.559344
-0.436332 -0.557325
-0.436332 -0.558768
-0.436332 -0.56227
-0.436332 -0.564777
-0.436332 -0.563282
-0.436332 -0.559136
-0.436332 -0.556672
-0.436332 -0.557709
-0.436332 -0.561076
-0.436332 -0.563944
-0.436332 -0.563025
-0.436332 -0.558996
-0.436332 -0.55612
-0.436332 -0.556728
-0.436332 -0.559911
-0.436332 -0.563071
-0.436332 -0.56274
-0.436332 -0.558916
-0.436332 -0.55567
-0.436332 -0.55583
-0.436332 -0.558784
-0.436332 -0.562167
-0.436332 -0.562422
-0.436332 -0.558881
-0.436332 -0.55532
-0.436332 -0.555017
-0.436332 -0.557705
-0.436332 -0.561238
-0.436332 -0.562063
-0.436332 -0.558883
-0.436332 -0.55507
-0.436332 -0.554294
-0.436332 -0.556679
-0.436332 -0.560293
-0.436332 -0.56166
-0.436332 -0.558907
-0.436332 -0.554914
-0.436332 -0.553664
-0.436332 -0.555714
-0.436332 -0.559342
-0.436332 -0.561211
-0.436332 -0.55894
-0.436332 -0.554849
-0.436332 -0.553129
-0.436332 -0.554815
-0.436332 -0.558395
-0.436332 -0.560715
-0.436332 -0.558973
-0.436332 -0.554866
-0.436332 -0.552693
-0.436332 -0.553988
-0.436332 -0.557463
-0.436332 -0.560175
-0.436332 -0.558994
-0.436332 -0.554958
-0.436332 -0.552356
-0.436332 -0.553236
-0.436332 -0.556554
-0.436332 -0.559595
-0.436332 -0.558993
-0.436332 -0.555113
-0.436332 -0.55212
-0.436332 -0.552566
-0.436332 -0.555679
-0.436332 -0.558979
-0.436332 -0.558961
-0.436332 -0.555322
-0.436332 -0.551986
-0.436332 -0.551978
-0.436332 -0.554846
-0.436332 -0.558334
-0.436332 -0.558894
-0.436332 -0.555572
-0.436332 -0.551951
-0.436332 -0.551478
-0.436332 -0.554063
-0.436332 -0.557669
-0.436332 -0.558784
-0.436332 -0.555851
-0.436332 -0.552013
-0.436332 -0.551068
-0.436332 -0.553338
-0.436332 -0.556993
-0.436332 -0.55863
-0.436332 -0.556147
-0.436332 -0.552166
-0.436332 -0.550751
-0.436332 -0.552674
-0.436332 -0.556316
-0.436332 -0.558429
-0.436332 -0.556448
-0.436332 -0.552406
-0.436332 -0.550531
-0.436332 -0.55208
-0.436332 -0.555647
-0.436332 -0.558183
-0.436332 -0.556743
-0.436332 -0.552724
-0.436332 -0.550409
-0.436332 -0.551558
-0.436332 -0.554997
-0.436332 -0.557896
-0.436332 -0.557023
-0.436332 -0.553112
-0.436332 -0.550386
-0.436332 -0.551114
-0.436332 -0.554375
-0.436332 -0.557569
-0.436332 -0.557276
-0.436332 -0.553558
-0.436332 -0.550464
-0.436332 -0.550749
-0.436332 -0.55379
-0.436332 -0.55721
-0.436332 -0.557496
-0.436332 -0.554052
-0.436332 -0.550642
-0.436332 -0.550471
-0.436332 -0.55325
-0.436332 -0.556827
-0.436332 -0.557678
-0.436332 -0.554581
-0.436332 -0.550916
-0.436332 -0.550279
-0.436332 -0.552763
-0.436332 -0.556427
-0.436332 -0.557816
-0.436332 -0.555134
-0.436332 -0.551285
-0.436332 -0.550179
-0.436332 -0.552334
-0.436332 -0.55602
-0.436332 -0.557909
-0.436332 -0.555698
-0.436332 -0.551743
-0.436332 -0.550173
-0.436332 -0.551971
-0.436332 -0.555617
-0.436332 -0.557958
-0.436332 -0.556263
-0.436332 -0.552283
-0.436332 -0.550262
-0.436332 -0.551677
-0.436332 -0.555225
-0.436332 -0.557961
-0.436332 -0.556817
-0.436332 -0.552896
-0.436332 -0.55045
-0.436332 -0.551457
-0.436332 -0.554856
-0.436332 -0.557923
-0.436332 -0.55735
-0.436332 -0.553574
-0.436332 -0.550736
-0.436332 -0.551314
-0.436332 -0.554518
-0.436332 -0.55785
-0.436332 -0.557855
-0.436332 -0.554305
-0.436332 -0.551122
-0.436332 -0.551254
-0.436332 -0.554219
-0.436332 -0.557748
-0.436332 -0.558323
-0.436332 -0.555077
-0.436332 -0.551605
-0.436332 -0.551277
-0.436332 -0.553968
-0.436332 -0.557623
-0.436332 -0.558751
-0.436332 -0.55588
-0.436332 -0.552183
-0.436332 -0.55139
-0.436332 -0.553772
-0.436332 -0.557487
-0.436332 -0.559135
-0.436332 -0.556701
-0.436332 -0.552853
-0.436332 -0.551592
-0.436332 -0.553636
-0.436332 -0.557345
-0.436332 -0.559472
-0.436332 -0.557528
-0.436332 -0.553607
-0.436332 -0.551889
-0.436332 -0.553566
-0.436332 -0.55721
-0.436332 -0.559764
-0.436332 -0.55835
-0.436332 -0.554439
-0.436332 -0.552281
-0.436332 -0.553565
-0.436332 -0.557091
-0.436332 -0.560012
-0.436332 -0.559156
-0.436332 -0.555339
-0.436332 -0.552771
-0.436332 -0.553639
-0.436332 -0.556997
-0.436332 -0.560221
-0.436332 -0.559937
-0.436332 -0.556299
-0.436332 -0.553358
-0.436332 -0.553792
-0.436332 -0.556937
-0.436332 -0.560396
-0.436332 -0.560687
-0.436332 -0.557307
-0.436332 -0.554043
-0.436332 -0.554025
-0.436332 -0.556918
-0.436332 -0.560544
-0.436332 -0.561398
-0.436332 -0.55835
-0.436332 -0.554823
-0.436332 -0.554344
-0.436332 -0.556949
-0.436332 -0.560674
-0.436332 -0.562065
-0.436332 -0.559418
-0.436332 -0.555696
-0.436332 -0.554751
-0.436332 -0.557035
-0.436332 -0.560792
-0.436332 -0.562687
-0.436332 -0.560498
-0.436332 -0.556656
-0.436332 -0.555248
-0.436332 -0.557183
-0.436332 -0.56091
-0.436332 -0.563262
-0.436332 -0.561579
-0.436332 -0.557698
-0.436332 -0.555839
-0.436332 -0.557397
-0.436332 -0.561038
-0.436332 -0.563791
-0.436332 -0.562649
-0.436332 -0.558812
-0.436332 -0.556524
-0.436332 -0.557681
-0.436332 -0.561182
-0.436332 -0.564277
-0.436332 -0.5637
-0.436332 -0.559991
-0.436332 -0.557306
-0.436332 -0.55804
-0.436332 -0.561355
-0.436332 -0.564725
-0.436332 -0.564721
-0.436332 -0.561223
-0.436332 -0.558184
-0.436332 -0.558476
-0.436332 -0.561563
-0.436332 -0.565141
-0.436332 -0.565706
-0.436332 -0.562497
-0.436332 -0.559158
-0.436332 -0.558994
-0.436332 -0.561815
-0.436332 -0.565531
-0.436332 -0.56665
-0.436332 -0.5638
-0.436332 -0.560224
-0.436332 -0.559597
-0.436332 -0.562117
-0.436332 -0.565904
-0.436332 -0.567548
-0.436332 -0.565123
-0.436332 -0.56138
-0.436332 -0.560287
-0.436332 -0.562475
-0.436332 -0.566269
-0.436332 -0.568398
-0.436332 -0.566451
-0.436332 -0.56262
-0.436332 -0.561066
-0.436332 -0.562894
-0.436332 -0.566636
-0.436332 -0.5692
-0.436332 -0.567773
-0.436332 -0.563937
-0.436332 -0.561939
-0.436332 -0.56338
-0.436332 -0.567013
-0.436332 -0.569955
-0.436332 -0.56908
-0.436332 -0.565321
-0.436332 -0.562905
-0.436332 -0.563936
-0.436332 -0.567411
-0.436332 -0.570669
-0.436332 -0.570363
-0.436332 -0.566765
-0.436332 -0.563967
-0.436332 -0.564567
-0.436332 -0.567839
-0.436332 -0.571344
-0.436332 -0.571611
-0.436332 -0.568255
-0.436332 -0.565123
-0.436332 -0.565275
-0.436332 -0.568303
-0.436332 -0.571988
-0.436332 -0.57282
-0.436332 -0.569782
-0.436332 -0.566372
-0.436332 -0.566063
-0.436332 -0.568812
-0.436332 -0.572608
-0.436332 -0.573984
-0.436332 -0.571332
-0.436332 -0.567712
-0.436332 -0.566936
-0.436332 -0.569371
-0.436332 -0.573213
-0.436332 -0.575099
-0.436332 -0.572894
-0.436332 -0.569138
-0.436332 -0.567896
-0.436332 -0.569987
-0.436332 -0.573812
-0.436332 -0.576164
-0.436332 -0.574456
-0.436332 -0.570643
-0.436332 -0.568945
-0.436332 -0.570665
-0.436332 -0.574414
-0.436332 -0.577179
-0.436332 -0.576006
-0.436332 -0.572219
-0.436332 -0.570085
-0.436332 -0.571408
-0.436332 -0.575028
-0.436332 -0.578148
-0.436332 -0.577535
-0.436332 -0.573859
-0.436332 -0.571318
-0.436332 -0.572221
-0.436332 -0.575665
-0.436332 -0.579072
-0.436332 -0.579032
-0.436332 -0.57555
-0.436332 -0.572643
-0.436332 -0.573108
-0.436332 -0.576331
-0.436332 -0.57996
-0.436332 -0.580492
-0.436332 -0.577283
-0.436332 -0.574062
-0.436332 -0.574071
-0.436332 -0.577036
-0.436332 -0.580817
-0.436332 -0.581908
-0.436332 -0.579045
-0.436332 -0.575571
-0.436332 -0.575115
-0.436332 -0.577785
-0.436332 -0.581651
-0.436332 -0.583273
-0.436332 -0.580823
-0.436332 -0.577166
-0.436332 -0.576241
-0.436332 -0.578586
-0.436332 -0.582471
-0.436332 -0.584588
-0.436332 -0.582606
-0.436332 -0.578843
-0.436332 -0.577453
-0.436332 -0.579443
-0.436332 -0.583288
-0.436332 -0.585851
-0.436332 -0.584383
-0.436332 -0.580595
-0.436332 -0.578753
-0.436332 -0.58036
-0.436332 -0.584108
-0.436332 -0.587062
-0.436332 -0.586141
-0.436332 -0.582413
-0.436332 -0.580143
-0.436332 -0.581344
-0.436332 -0.584942
-0.436332 -0.588225
-0.436332 -0.587872
-0.436332 -0.584287
-0.436332 -0.581624
-0.436332 -0.582396
-0.436332 -0.5858
-0.436332 -0.589345
-0.436332 -0.589566
-0.436332 -0.586207
-0.436332 -0.583195
-0.436332 -0.58352
-0.436332 -0.586688
-0.436332 -0.590426
-0.436332 -0.591216
-0.436332 -0.588161
-0.436332 -0.584857
-0.436332 -0.58472
-0.436332 -0.587614
-0.436332 -0.591478
-0.436332 -0.592817
-0.436332 -0.590137
-0.436332 -0.586605
-0.436332 -0.585999
-0.436332 -0.588586
-0.436332 -0.592508
-0.436332 -0.594367
-0.436332 -0.592124
-0.436332 -0.588437
-0.436332 -0.58736
-0.436332 -0.589608
-0.436332 -0.593524
-0.436332 -0.59586
-0.436332 -0.594105
-0.436332 -0.590345
-0.436332 -0.588805
-0.436332 -0.590685
-0.436332 -0.594537
-0.436332 -0.597299
-0.436332 -0.596073
-0.436332 -0.592321
-0.436332 -0.590335
-0.436332 -0.591823
-0.436332 -0.595556
-0.436332 -0.598684
-0.436332 -0.598016
-0.436332 -0.594358
-0.436332 -0.591955
-0.436332 -0.593026
-0.436332 -0.59659
-0.436332 -0.600021
-0.436332 -0.599926
-0.436332 -0.596445
-0.436332 -0.593662
-0.436332 -0.594296
-0.436332 -0.597648
-0.436332 -0.601313
-0.436332 -0.601792
-0.436332 -0.598569
-0.436332 -0.595458
-0.436332 -0.595636
-0.436332 -0.598736
-0.436332 -0.602568
-0.436332 -0.60361
-0.436332 -0.600719
-0.436332 -0.59734
-0.436332 -0.597051
-0.436332 -0.599864
-0.436332 -0.603792
-0.436332 -0.605372
-0.436332 -0.602884
-0.436332 -0.599304
-0.436332 -0.598543
-0.436332 -0.601035
-0.436332 -0.604996
-0.436332 -0.60708
-0.436332 -0.60505
-0.436332 -0.601346
-0.436332 -0.600115
-0.436332 -0.602256
-0.436332 -0.606187
-0.436332 -0.608728
-0.436332 -0.607205
-0.436332 -0.60346
-0.436332 -0.601769
-0.436332 -0.603533
-0.436332 -0.607376
-0.436332 -0.61032
-0.436332 -0.609338
-0.436332 -0.605636
-0.436332 -0.603508
-0.436332 -0.604867
-0.436332 -0.608571
-0.436332 -0.611856
-0.436332 -0.611439
-0.436332 -0.607864
-0.436332 -0.60533
-0.436332 -0.606264
-0.436332 -0.60978
-0.436332 -0.61334
-0.436332 -0.613499
-0.436332 -0.610134
-0.436332 -0.60724
-0.436332 -0.607726
-0.436332 -0.611014
-0.436332 -0.614781
-0.436332 -0.61551
-0.436332 -0.612435
-0.436332 -0.609233
-0.436332 -0.609258
-0.436332 -0.612278
-0.436332 -0.616183
-0.436332 -0.617466
-0.436332 -0.614752
-0.436332 -0.611308
-0.436332 -0.610861
-0.436332 -0.61358
-0.436332 -0.617556
-0.436332 -0.619364
-0.436332 -0.617075
-0.436332 -0.613461
-0.436332 -0.61254
-0.436332 -0.614926
-0.436332 -0.618907
-0.436332 -0.621201
-0.436332 -0.619392
-0.436332 -0.615685
-0.436332 -0.614296
-0.436332 -0.61632
-0.436332 -0.620247
-0.436332 -0.622977
-0.436332 -0.621689
-0.436332 -0.617974
-0.436332 -0.616132
-0.436332 -0.617766
-0.436332 -0.621584
-0.436332 -0.624692
-0.436332 -0.623956
-0.436332 -0.620318
-0.436332 -0.618049
-0.436332 -0.619269
-0.436332 -0.622928
-0.436332 -0.62635
-0.436332 -0.626184
-0.436332 -0.622707
-0.436332 -0.620048
-0.436332 -0.620833
-0.436332 -0.624287
-0.436332 -0.627956
-0.436332 -0.628363
-0.436332 -0.625129
-0.436332 -0.622128
-0.436332 -0.622459
-0.436332 -0.625668
-0.436332 -0.629516
-0.436332 -0.630488
-0.436332 -0.627573
-0.436332 -0.62429
-0.436332 -0.624153
-0.436332 -0.62708
-0.436332 -0.631038
-0.436332 -0.632553
-0.436332 -0.630025
-0.436332 -0.626527
-0.436332 -0.625916
-0.436332 -0.628529
-0.436332 -0.63253
-0.436332 -0.634553
-0.436332 -0.632473
-0.436332 -0.628836
-0.436332 -0.627751
-0.436332 -0.630019
-0.436332 -0.634001
-0.436332 -0.636489
-0.436332 -0.634906
-0.436332 -0.63121
-0.436332 -0.629661
-0.436332 -0.631555
-0.436332 -0.63546
-0.436332 -0.638361
-0.436332 -0.637311
-0.436332 -0.633642
-0.436332 -0.631648
-0.436332 -0.633142
-0.436332 -0.636917
-0.436332 -0.640169
-0.436332 -0.639678
-0.436332 -0.636119
-0.436332 -0.633712
-0.436332 -0.634782
-0.436332 -0.638379
-0.436332 -0.641918
-0.436332 -0.641997
-0.436332 -0.638633
-0.436332 -0.635854
-0.436332 -0.63648
-0.436332 -0.639855
-0.436332 -0.643613
-0.436332 -0.644261
-0.436332 -0.641171
-0.436332 -0.638073
-0.436332 -0.638239
-0.436332 -0.641355
-0.436332 -0.645262
-0.436332 -0.646465
-0.436332 -0.643721
-0.436332 -0.640367
-0.436332 -0.640061
-0.436332 -0.642882
-0.436332 -0.646872
-0.436332 -0.648603
-0.436332 -0.646271
-0.436332 -0.642732
-0.436332 -0.641951
-0.436332 -0.644444
-0.436332 -0.648452
-0.436332 -0.650674
-0.436332 -0.648808
-0.436332 -0.645162
-0.436332 -0.643909
-0.436332 -0.646046
-0.436332 -0.65001
-0.436332 -0.652674
-0.436332 -0.65132
-0.436332 -0.647649
-0.436332 -0.645938
-0.436332 -0.64769
-0.436332 -0.651556
-0.436332 -0.654607
-0.436332 -0.653795
-0.436332 -0.650186
-0.436332 -0.648041
-0.436332 -0.649384
-0.436332 -0.653099
-0.436332 -0.656475
-0.436332 -0.656225
-0.436332 -0.65276
-0.436332 -0.650218
-0.436332 -0.651128
-0.436332 -0.654647
-0.436332 -0.658282
-0.436332 -0.6586
-0.436332 -0.655361
-0.436332 -0.652468
-0.436332 -0.652926
-0.436332 -0.656209
-0.436332 -0.660033
-0.436332 -0.660913
-0.436332 -0.657977
-0.436332 -0.65479
-0.436332 -0.654783
-0.436332 -0.657791
-0.436332 -0.661737
-0.436332 -0.66316
-0.436332 -0.660596
-0.436332 -0.657181
-0.436332 -0.656699
-0.436332 -0.6594
-0.436332 -0.663402
-0.436332 -0.665335
-0.436332 -0.663204
-0.436332 -0.659636
-0.436332 -0.658679
-0.436332 -0.66104
-0.436332 -0.665034
-0.436332 -0.667438
-0.436332 -0.665789
-0.436332 -0.662148
-0.436332 -0.660725
-0.436332 -0.662717
-0.436332 -0.666646
-0.436332 -0.669468
-0.436332 -0.668342
-0.436332 -0.66471
-0.436332 -0.662838
-0.436332 -0.664436
-0.436332 -0.668245
-0.436332 -0.671427
-0.436332 -0.670849
-0.436332 -0.667312
-0.436332 -0.66502
-0.436332 -0.666199
-0.436332 -0.669839
-0.436332 -0.673318
-0.436332 -0.673303
-0.436332 -0.669942
-0.436332 -0.667271
-0.436332 -0.66801
-0.436332 -0.671437
-0.436332 -0.675146
-0.436332 -0.675694
-0.436332 -0.672591
-0.436332 -0.669591
-0.436332 -0.669872
-0.436332 -0.673048
-0.436332 -0.676918
-0.436332 -0.678018
-0.436332 -0.675244
-0.436332 -0.671977
-0.436332 -0.671789
-0.436332 -0.674677
-0.436332 -0.678642
-0.436332 -0.680269
-0.436332 -0.67789
-0.436332 -0.674425
-0.436332 -0.673762
-0.436332 -0.67633
-0.436332 -0.680324
-0.436332 -0.682444
-0.436332 -0.680517
-0.436332 -0.67693
-0.436332 -0.675795
-0.436332 -0.678012
-0.436332 -0.681975
-0.436332 -0.684542
-0.436332 -0.683111
-0.436332 -0.679485
-0.436332 -0.67789
-0.436332 -0.679728
-0.436332 -0.683604
-0.436332 -0.686564
-0.436332 -0.685664
-0.436332 -0.682081
-0.436332 -0.680048
-0.436332 -0.681482
-0.436332 -0.685218
-0.436332 -0.688511
-0.436332 -0.688162
-0.436332 -0.684707
-0.436332 -0.682271
-0.436332 -0.683277
-0.436332 -0.686827
-0.436332 -0.690389
-0.436332 -0.6906
-0.436332 -0.687354
-0.436332 -0.684557
-0.436332 -0.685117
-0.436332 -0.688438
-0.436332 -0.692202
-0.436332 -0.692969
-0.436332 -0.690008
-0.436332 -0.686908
-0.436332 -0.687005
-0.436332 -0.69006
-0.436332 -0.693957
-0.436332 -0.695264
-0.436332 -0.692657
-0.436332 -0.689317
-0.436332 -0.688942
-0.436332 -0.691697
-0.436332 -0.695663
-0.436332 -0.69748
-0.436332 -0.695289
-0.436332 -0.691782
-0.436332 -0.690932
-0.436332 -0.693356
-0.436332 -0.697326
-0.436332 -0.699615
-0.436332 -0.697891
-0.436332 -0.694296
-0.436332 -0.692978
-0.436332 -0.69504
-0.436332 -0.698956
-0.436332 -0.701669
-0.436332 -0.700453
-0.436332 -0.696852
-0.436332 -0.695083
-0.436332 -0.696756
-0.436332 -0.700563
-0.436332 -0.703644
-0.436332 -0.702963
-0.436332 -0.69944
-0.436332 -0.697246
-0.436332 -0.698506
-0.436332 -0.702155
-0.436332 -0.705541
-0.436332 -0.705413
-0.436332 -0.702048
-0.436332 -0.699469
-0.436332 -0.700294
-0.436332 -0.70374
-0.436332 -0.707366
-0.436332 -0.707793
-0.436332 -0.704667
-0.436332 -0.701751
-0.436332 -0.702121
-0.436332 -0.705326
-0.436332 -0.709126
-0.436332 -0.710099
-0.436332 -0.707284
-0.436332 -0.70409
-0.436332 -0.703994
-0.436332 -0.706918
-0.436332 -0.710825
-0.436332 -0.712323
-0.436332 -0.709886
-0.436332 -0.706482
-0.436332 -0.705912
-0.436332 -0.708524
-0.436332 -0.712474
-0.436332 -0.714465
-0.436332 -0.712461
-0.436332 -0.708922
-0.436332 -0.707881
-0.436332 -0.71015
-0.436332 -0.71408
-0.436332 -0.716521
-0.436332 -0.714998
-0.436332 -0.711404
-0.436332 -0.709901
-0.436332 -0.711798
-0.436332 -0.715652
-0.436332 -0.718492
-0.436332 -0.717486
-0.436332 -0.713918
-0.436332 -0.711975
-0.436332 -0.713474
-0.436332 -0.717199
-0.436332 -0.720381
-0.436332 -0.719913
-0.436332 -0.716455
-0.436332 -0.714103
-0.436332 -0.715179
-0.436332 -0.718729
-0.436332 -0.722189
-0.436332 -0.722272
-0.436332 -0.719004
-0.436332 -0.716285
-0.436332 -0.716918
-0.436332 -0.720251
-0.436332 -0.723924
-0.436332 -0.724555
-0.436332 -0.721553
-0.436332 -0.718521
-0.436332 -0.718696
-0.436332 -0.721771
-0.436332 -0.72559
-0.436332 -0.726756
-0.436332 -0.72409
-0.436332 -0.720808
-0.436332 -0.720513
-0.436332 -0.723295
-0.436332 -0.727195
-0.436332 -0.728871
-0.436332 -0.726603
-0.436332 -0.72314
-0.436332 -0.722372
-0.436332 -0.724831
-0.436332 -0.728748
-0.436332 -0.730897
-0.436332 -0.729079
-0.436332 -0.725514
-0.436332 -0.724278
-0.436332 -0.726382
-0.436332 -0.730257
-0.436332 -0.732834
-0.436332 -0.731508
-0.436332 -0.72792
-0.436332 -0.726231
-0.436332 -0.727952
-0.436332 -0.731731
-0.436332 -0.734682
-0.436332 -0.733879
-0.436332 -0.73035
-0.436332 -0.728232
-0.436332 -0.729546
-0.436332 -0.733178
-0.436332 -0.736444
-0.436332 -0.736181
-0.436332 -0.732794
-0.436332 -0.730284
-0.436332 -0.731167
-0.436332 -0.734607
-0.436332 -0.738124
-0.436332 -0.738408
-0.436332 -0.73524
-0.436332 -0.732385
-0.436332 -0.732819
-0.436332 -0.736025
-0.436332 -0.739728
-0.436332 -0.740551
-0.436332 -0.737676
-0.436332 -0.734532
-0.436332 -0.734504
-0.436332 -0.737439
-0.436332 -0.741262
-0.436332 -0.742608
-0.436332 -0.740091
-0.436332 -0.736725
-0.436332 -0.736225
-0.436332 -0.738856
-0.436332 -0.742734
-0.436332 -0.744572
-0.436332 -0.742472
-0.436332 -0.738957
-0.436332 -0.737985
-0.436332 -0.74028
-0.436332 -0.744152
-0.436332 -0.746443
-0.436332 -0.744807
-0.436332 -0.741221
-0.436332 -0.739786
-0.436332 -0.741716
-0.436332 -0.745524
-0.436332 -0.74822
-0.436332 -0.747086
-0.436332 -0.743509
-0.436332 -0.741632
-0.436332 -0.743169
-0.436332 -0.74686
-0.436332 -0.749906
-0.436332 -0.749298
-0.436332 -0.745813
-0.436332 -0.743521
-0.436332 -0.744641
-0.436332 -0.748168
-0.436332 -0.751503
-0.436332 -0.751435
-0.436332 -0.748121
-0.436332 -0.745455
-0.436332 -0.746138
-0.436332 -0.749456
-0.436332 -0.753015
-0.436332 -0.753488
-0.436332 -0.750422
-0.436332 -0.747433
-0.436332 -0.74766
-0.436332 -0.750731
-0.436332 -0.754449
-0.436332 -0.755452
-0.436332 -0.752703
-0.436332 -0.749452
-0.436332 -0.749213
-0.436332 -0.752
-0.436332 -0.755811
-0.436332 -0.757323
-0.436332 -0.754954
-0.436332 -0.751509
-0.436332 -0.750798
-0.436332 -0.753268
-0.436332 -0.75711
-0.436332 -0.759097
-0.436332 -0.757161
-0.436332 -0.753598
-0.436332 -0.752418
-0.436332 -0.754541
-0.436332 -0.758354
-0.436332 -0.760774
-0.436332 -0.759315
-0.436332 -0.755712
-0.436332 -0.754076
-0.436332 -0.755823
-0.436332 -0.759551
-0.436332 -0.762352
-0.436332 -0.761403
-0.436332 -0.757842
-0.436332 -0.755774
-0.436332 -0.757118
-0.436332 -0.760711
-0.436332 -0.763836
-0.436332 -0.763416
-0.436332 -0.759978
-0.436332 -0.757511
-0.436332 -0.75843
-0.436332 -0.761841
-0.436332 -0.765229
-0.436332 -0.765347
-0.436332 -0.762109
-0.436332 -0.759288
-0.436332 -0.759762
-0.436332 -0.762949
-0.436332 -0.766535
-0.436332 -0.767187
-0.436332 -0.764224
-0.436332 -0.761104
-0.436332 -0.761117
-0.436332 -0.764043
-0.436332 -0.767761
-0.436332 -0.768934
-0.436332 -0.766311
-0.436332 -0.762956
-0.436332 -0.762499
-0.436332 -0.765128
-0.436332 -0.768915
-0.436332 -0.770581
-0.436332 -0.768358
-0.436332 -0.764838
-0.436332 -0.763911
-0.436332 -0.76621
-0.436332 -0.770004
-0.436332 -0.772126
-0.436332 -0.770352
-0.436332 -0.766745
-0.436332 -0.765353
-0.436332 -0.767294
-0.436332 -0.771036
-0.436332 -0.77357
-0.436332 -0.772284
-0.436332 -0.768669
-0.436332 -0.76683
-0.436332 -0.768384
-0.436332 -0.772022
-0.436332 -0.774914
-0.436332 -0.774142
-0.436332 -0.770601
-0.436332 -0.768342
-0.436332 -0.769485
-0.436332 -0.772969
-0.436332 -0.77616
-0.436332 -0.775919
-0.436332 -0.772531
-0.436332 -0.76989
-0.436332 -0.770599
-0.436332 -0.773884
-0.436332 -0.777312
-0.436332 -0.777606
-0.436332 -0.774447
-0.436332 -0.771473
-0.436332 -0.77173
-0.436332 -0.774777
-0.436332 -0.778376
-0.436332 -0.779198
-0.436332 -0.776338
-0.436332 -0.77309
-0.436332 -0.772882
-0.436332 -0.775653
-0.436332 -0.779359
-0.436332 -0.780689
-0.436332 -0.778192
-0.436332 -0.774736
-0.436332 -0.774057
-0.436332 -0.776518
-0.436332 -0.780268
-0.436332 -0.782076
-0.436332 -0.779997
-0.436332 -0.776407
-0.436332 -0.775259
-0.436332 -0.777378
-0.436332 -0.781112
-0.436332 -0.783358
-0.436332 -0.781742
-0.436332 -0.778096
-0.436332 -0.776489
-0.436332 -0.778239
-0.436332 -0.781899
-0.436332 -0.784534
-0.436332 -0.783415
-0.436332 -0.779794
-0.436332 -0.777749
-0.436332 -0.779102
-0.436332 -0.782639
-0.436332 -0.785608
-0.436332 -0.785009
-0.436332 -0.781492
-0.436332 -0.779041
-0.436332 -0.779974
-0.436332 -0.783339
-0.436332 -0.786582
-0.436332 -0.786515
-0.436332 -0.78318
-0.436332 -0.780366
-0.436332 -0.780856
-0.436332 -0.784007
-0.436332 -0.787461
-0.436332 -0.787924
-0.436332 -0.784845
-0.436332 -0.781721
-0.436332 -0.781754
-0.436332 -0.784651
-0.436332 -0.78825
-0.436332 -0.789233
-0.436332 -0.786478
-0.436332 -0.783105
-0.436332 -0.782669
-0.436332 -0.785276
-0.436332 -0.788958
-0.436332 -0.790436
-0.436332 -0.788065
-0.436332 -0.784513
-0.436332 -0.783606
-0.436332 -0.785891
-0.436332 -0.789593
-0.436332 -0.791532
-0.436332 -0.789595
-0.436332 -0.785939
-0.436332 -0.784566
-0.436332 -0.786498
-0.436332 -0.790161
-0.436332 -0.792519
-0.436332 -0.791058
-0.436332 -0.787378
-0.436332 -0.785553
-0.436332 -0.787104
-0.436332 -0.790674
-0.436332 -0.793399
-0.436332 -0.792444
-0.436332 -0.788819
-0.436332 -0.786567
-0.436332 -0.787711
-0.436332 -0.791138
-0.436332 -0.794174
-0.436332 -0.793742
-0.436332 -0.790253
-0.436332 -0.787611
-0.436332 -0.788326
-0.436332 -0.791563
-0.436332 -0.794847
-0.436332 -0.794947
-0.436332 -0.791668
-0.436332 -0.788683
-0.436332 -0.788949
-0.436332 -0.791956
-0.436332 -0.795425
-0.436332 -0.796051
-0.436332 -0.793055
-0.436332 -0.789783
-0.436332 -0.789585
-0.436332 -0.792324
-0.436332 -0.795913
-0.436332 -0.797048
-0.436332 -0.7944
-0.436332 -0.790906
-0.436332 -0.790238
-0.436332 -0.792674
-0.436332 -0.79632
-0.436332 -0.797937
-0.436332 -0.795693
-0.436332 -0.79205
-0.436332 -0.790911
-0.436332 -0.793012
-0.436332 -0.796655
-0.436332 -0.798717
-0.436332 -0.796923
-0.436332 -0.793207
-0.436332 -0.791606
-0.436332 -0.793342
-0.436332 -0.796925
-0.436332 -0.799385
-0.436332 -0.798078
-0.436332 -0.794369
-0.436332 -0.792325
-0.436332 -0.79367
-0.436332 -0.797138
-0.436332 -0.799943
-0.436332 -0.79915
-0.436332 -0.795528
-0.436332 -0.793071
-0.436332 -0.793999
-0.436332 -0.797305
-0.436332 -0.800396
-0.436332 -0.80013
-0.436332 -0.796673
-0.436332 -0.793843
-0.436332 -0.794333
-0.436332 -0.797434
-0.436332 -0.800748
-0.436332 -0.801011
-0.436332 -0.797795
-0.436332 -0.794642
-0.436332 -0.794676
-0.436332 -0.797531
-0.436332 -0.801005
-0.436332 -0.801788
-0.436332 -0.79888
-0.436332 -0.795466
-0.436332 -0.795033
-0.436332 -0.797605
-0.436332 -0.801174
-0.436332 -0.802456
-0.436332 -0.799918
-0.436332 -0.79631
-0.436332 -0.795404
-0.436332 -0.797661
-0.436332 -0.801263
-0.436332 -0.803012
-0.436332 -0.800897
-0.436332 -0.79717
-0.436332 -0.795796
-0.436332 -0.797705
-0.436332 -0.80128
-0.436332 -0.803457
-0.436332 -0.801808
-0.436332 -0.798039
-0.436332 -0.796209
-0.436332 -0.797742
-0.436332 -0.801235
-0.436332 -0.80379
-0.436332 -0.802639
-0.436332 -0.798908
-0.436332 -0.796646
-0.436332 -0.797777
-0.436332 -0.801136
-0.436332 -0.804013
-0.436332 -0.803381
-0.436332 -0.79977
-0.436332 -0.797109
-0.436332 -0.797814
-0.436332 -0.800993
-0.436332 -0.804131
-0.436332 -0.804028
-0.436332 -0.800612
-0.436332 -0.797597
-0.436332 -0.797856
-0.436332 -0.800813
-0.436332 -0.804148
-0.436332 -0.804572
-0.436332 -0.801424
-0.436332 -0.79811
-0.436332 -0.797907
-0.436332 -0.800603
-0.436332 -0.804072
-0.436332 -0.805009
-0.436332 -0.802195
-0.436332 -0.798645
-0.436332 -0.797972
-0.436332 -0.800372
-0.436332 -0.803911
-0.436332 -0.805335
-0.436332 -0.802913
-0.436332 -0.799198
-0.436332 -0.798053
-0.436332 -0.800124
-0.436332 -0.803672
-0.436332 -0.805549
-0.436332 -0.803568
-0.436332 -0.799765
-0.436332 -0.798155
-0.436332 -0.799866
-0.436332 -0.803365
-0.436332 -0.80565
-0.436332 -0.804149
-0.436332 -0.800336
-0.436332 -0.798278
-0.436332 -0.799603
-0.436332 -0.802998
-0.436332 -0.80564
-0.436332 -0.804647
-0.436332 -0.800905
-0.436332 -0.798427
-0.436332 -0.799338
-0.436332 -0.802581
-0.436332 -0.805521
-0.436332 -0.805053
-0.436332 -0.801461
-0.436332 -0.798601
-0.436332 -0.799078
-0.436332 -0.802123
-0.436332 -0.805299
-0.436332 -0.805361
-0.436332 -0.801994
-0.436332 -0.7988
-0.436332 -0.798824
-0.436332 -0.801631
-0.436332 -0.80498
-0.436332 -0.805564
-0.436332 -0.802493
-0.436332 -0.799024
-0.436332 -0.798582
-0.436332 -0.801113
-0.436332 -0.80457
-0.436332 -0.805658
-0.436332 -0.802946
-0.436332 -0.799269
-0.436332 -0.798355
-0.436332 -0.800576
-0.436332 -0.804078
-0.436332 -0.805642
-0.436332 -0.803343
-0.436332 -0.799532
-0.436332 -0.798146
-0.436332 -0.800026
-0.436332 -0.803513
-0.436332 -0.805513
-0.436332 -0.803673
-0.436332 -0.799805
-0.436332 -0.79796
-0.436332 -0.799469
-0.436332 -0.802884
-0.436332 -0.805273
-0.436332 -0.803926
-0.436332 -0.800081
-0.436332 -0.797798
-0.436332 -0.798909
-0.436332 -0.8022
-0.436332 -0.804924
-0.436332 -0.804095
-0.436332 -0.800353
-0.436332 -0.797663
-0.436332 -0.798351
-0.436332 -0.801471
-0.436332 -0.804469
-0.436332 -0.804168
-0.436332 -0.800608
-0.436332 -0.797554
-0.436332 -0.797799
-0.436332 -0.800704
-0.436332 -0.803913
-0.436332 -0.804142
-0.436332 -0.800836
-0.436332 -0.797472
-0.436332 -0.797258
-0.436332 -0.799909
-0.436332 -0.803264
-0.436332 -0.804011
-0.436332 -0.801029
-0.436332 -0.797415
-0.436332 -0.796731
-0.436332 -0.799093
-0.436332 -0.80253
-0.436332 -0.803772
-0.436332 -0.801172
-0.436332 -0.797379
-0.436332 -0.796222
-0.436332 -0.798261
-0.436332 -0.801719
-0.436332 -0.803421
-0.436332 -0.801256
-0.436332 -0.79736
-0.436332 -0.795735
-0.436332 -0.79742
-0.436332 -0.80084
-0.436332 -0.802961
-0.436332 -0.801271
-0.436332 -0.797351
-0.436332 -0.795274
-0.436332 -0.796576
-0.436332 -0.799902
-0.436332 -0.802392
-0.436332 -0.801208
-0.436332 -0.797344
-0.436332 -0.79484
-0.436332 -0.795734
-0.436332 -0.798916
-0.436332 -0.801717
-0.436332 -0.801058
-0.436332 -0.79733
-0.436332 -0.794435
-0.436332 -0.794897
-0.436332 -0.79789
-0.436332 -0.800941
-0.436332 -0.800813
-0.436332 -0.797298
-0.436332 -0.79406
-0.436332 -0.794072
-0.436332 -0.796834
-0.436332 -0.800069
-0.436332 -0.800469
-0.436332 -0.797239
-0.436332 -0.793714
-0.436332 -0.793261
-0.436332 -0.795753
-0.436332 -0.799109
-0.436332 -0.800021
-0.436332 -0.79714
-0.436332 -0.793394
-0.436332 -0.792469
-0.436332 -0.794657
-0.436332 -0.79807
-0.436332 -0.799466
-0.436332 -0.796991
-0.436332 -0.793096
-0.436332 -0.791699
-0.436332 -0.793551
-0.436332 -0.79696
-0.436332 -0.798801
-0.436332 -0.796781
-0.436332 -0.792815
-0.436332 -0.790955
-0.436332 -0.792442
-0.436332 -0.795789
-0.436332 -0.798031
-0.436332 -0.796501
-0.436332 -0.792545
-0.436332 -0.790241
-0.436332 -0.791334
-0.436332 -0.794567
-0.436332 -0.797155
-0.436332 -0.796142
-0.436332 -0.792275
-0.436332 -0.789557
-0.436332 -0.790232
-0.436332 -0.793302
-0.436332 -0.796177
-0.436332 -0.795696
-0.436332 -0.791998
-0.436332 -0.788907
-0.436332 -0.789142
-0.436332 -0.792004
-0.436332 -0.795103
-0.436332 -0.795156
-0.436332 -0.791702
-0.436332 -0.78829
-0.436332 -0.788067
-0.436332 -0.790682
-0.436332 -0.79394
-0.436332 -0.794517
-0.436332 -0.791377
-0.436332 -0.787704
-0.436332 -0.787012
-0.436332 -0.789343
-0.436332 -0.792696
-0.436332 -0.793776
-0.436332 -0.791011
-0.436332 -0.787147
-0.436332 -0.785982
-0.436332 -0.787995
-0.436332 -0.791379
-0.436332 -0.792931
-0.436332 -0.790596
-0.436332 -0.786614
-0.436332 -0.784979
-0.436332 -0.786644
-0.436332 -0.789999
-0.436332 -0.791981
-0.436332 -0.790118
-0.436332 -0.786099
-0.436332 -0.784008
-0.436332 -0.785295
-0.436332 -0.788567
-0.436332 -0.790928
-0.436332 -0.789571
-0.436332 -0.785594
-0.436332 -0.783071
-0.436332 -0.783953
-0.436332 -0.78709
-0.436332 -0.789775
-0.436332 -0.788945
-0.436332 -0.785092
-0.436332 -0.78217
-0.436332 -0.782625
-0.436332 -0.785579
-0.436332 -0.788526
-0.436332 -0.788232
-0.436332 -0.784581
-0.436332 -0.781305
-0.436332 -0.781312
-0.436332 -0.784042
-0.436332 -0.787188
-0.436332 -0.787427
-0.436332 -0.784052
-0.436332 -0.780478
-0.436332 -0.780023
-0.436332 -0.782489
-0.436332 -0.785767
-0.436332 -0.786526
-0.436332 -0.783492
-0.436332 -0.779685
-0.436332 -0.778758
-0.436332 -0.780926
-0.436332 -0.784272
-0.436332 -0.785525
-0.436332 -0.782893
-0.436332 -0.778925
-0.436332 -0.777524
-0.436332 -0.779362
-0.436332 -0.782713
-0.436332 -0.784424
-0.436332 -0.782243
-0.436332 -0.77819
-0.436332 -0.776324
-0.436332 -0.7778
-0.436332 -0.7811
-0.436332 -0.783222
-0.436332 -0.781531
-0.436332 -0.777475
-0.436332 -0.77516
-0.436332 -0.776247
-0.436332 -0.779441
-0.436332 -0.781922
-0.436332 -0.780749
-0.436332 -0.776771
-0.436332 -0.774035
-0.436332 -0.774708
-0.436332 -0.777746
-0.436332 -0.780527
-0.436332 -0.77989
-0.436332 -0.77607
-0.436332 -0.772953
-0.436332 -0.773189
-0.436332 -0.776026
-0.436332 -0.779043
-0.436332 -0.778946
-0.436332 -0.77536
-0.436332 -0.771912
-0.436332 -0.771693
-0.436332 -0.774288
-0.436332 -0.777476
-0.436332 -0.777911
-0.436332 -0.774632
-0.436332 -0.770911
-0.436332 -0.770224
-0.436332 -0.772542
-0.436332 -0.775836
-0.436332 -0.776783
-0.436332 -0.773874
-0.436332 -0.76995
-0.436332 -0.76879
-0.436332 -0.770794
-0.436332 -0.774129
-0.436332 -0.775559
-0.436332 -0.773076
-0.436332 -0.769022
-0.436332 -0.76739
-0.436332 -0.76905
-0.436332 -0.772367
-0.436332 -0.774238
-0.436332 -0.772227
-0.436332 -0.768123
-0.436332 -0.76603
-0.436332 -0.767318
-0.436332 -0.770558
-0.436332 -0.772822
-0.436332 -0.771317
-0.436332 -0.767244
-0.436332 -0.764713
-0.436332 -0.7656
-0.436332 -0.768713
-0.436332 -0.771313
-0.436332 -0.770339
-0.436332 -0.766378
-0.436332 -0.763442
-0.436332 -0.763904
-0.436332 -0.766842
-0.436332 -0.769716
-0.436332 -0.769284
-0.436332 -0.765515
-0.436332 -0.762217
-0.436332 -0.762234
-0.436332 -0.764953
-0.436332 -0.768037
-0.436332 -0.768146
-0.436332 -0.764645
-0.436332 -0.761039
-0.436332 -0.760595
-0.436332 -0.763056
-0.436332 -0.766283
-0.436332 -0.766921
-0.436332 -0.763756
-0.436332 -0.759904
-0.436332 -0.758989
-0.436332 -0.761157
-0.436332 -0.764463
-0.436332 -0.765605
-0.436332 -0.762838
-0.436332 -0.758813
-0.436332 -0.757423
-0.436332 -0.759265
-0.436332 -0.762587
-0.436332 -0.764197
-0.436332 -0.76188
-0.436332 -0.757758
-0.436332 -0.7559
-0.436332 -0.757384
-0.436332 -0.760663
-0.436332 -0.762697
-0.436332 -0.760871
-0.436332 -0.756733
-0.436332 -0.754422
-0.436332 -0.755521
-0.436332 -0.758701
-0.436332 -0.761107
-0.436332 -0.759803
-0.436332 -0.755732
-0.436332 -0.752994
-0.436332 -0.753682
-0.436332 -0.756713
-0.436332 -0.75943
-0.436332 -0.758666
-0.436332 -0.754743
-0.436332 -0.751616
-0.436332 -0.75187
-0.436332 -0.754706
-0.436332 -0.757672
-0.436332 -0.757455
-0.436332 -0.753758
-0.436332 -0.75029
-0.436332 -0.750092
-0.436332 -0.752691
-0.436332 -0.755839
-0.436332 -0.756164
-0.436332 -0.752766
-0.436332 -0.749016
-0.436332 -0.74835
-0.436332 -0.750676
-0.436332 -0.75394
-0.436332 -0.754787
-0.436332 -0.751756
-0.436332 -0.747789
-0.436332 -0.746649
-0.436332 -0.748667
-0.436332 -0.751982
-0.436332 -0.753323
-0.436332 -0.750716
-0.436332 -0.746607
-0.436332 -0.744993
-0.436332 -0.746671
-0.436332 -0.749976
-0.436332 -0.75177
-0.436332 -0.749635
-0.436332 -0.745464
-0.436332 -0.743387
-0.436332 -0.744695
-0.436332 -0.747932
-0.436332 -0.750131
-0.436332 -0.748505
-0.436332 -0.744354
-0.436332 -0.741833
-0.436332 -0.742744
-0.436332 -0.745861
-0.436332 -0.748407
-0.436332 -0.747317
-0.436332 -0.743268
-0.436332 -0.740334
-0.436332 -0.740824
-0.436332 -0.74377
-0.436332 -0.746602
-0.436332 -0.746061
-0.436332 -0.742196
-0.436332 -0.738891
-0.436332 -0.738937
-0.436332 -0.74167
-0.436332 -0.744724
-0.436332 -0.744732
-0.436332 -0.741127
-0.436332 -0.737504
-0.436332 -0.73709
-0.436332 -0.73957
-0.436332 -0.742778
-0.436332 -0.743325
-0.436332 -0.740051
-0.436332 -0.736171
-0.436332 -0.735286
-0.436332 -0.737477
-0.436332 -0.740774
-0.436332 -0.741835
-0.436332 -0.738957
-0.436332 -0.734892
-0.436332 -0.733532
-0.436332 -0.7354
-0.436332 -0.73872
-0.436332 -0.740262
-0.436332 -0.737833
-0.436332 -0.73366
-0.436332 -0.731827
-0.436332 -0.733342
-0.436332 -0.736627
-0.436332 -0.738605
-0.436332 -0.73667
-0.436332 -0.732469
-0.436332 -0.730179
-0.436332 -0.731311
-0.436332 -0.734505
-0.436332 -0.736866
-0.436332 -0.735456
-0.436332 -0.731312
-0.436332 -0.728589
-0.436332 -0.729313
-0.436332 -0.732363
-0.436332 -0.735048
-0.436332 -0.734185
-0.436332 -0.730179
-0.436332 -0.727059
-0.436332 -0.727351
-0.436332 -0.730211
-0.436332 -0.733156
-0.436332 -0.732847
-0.436332 -0.72906
-0.436332 -0.72559
-0.436332 -0.72543
-0.436332 -0.728059
-0.436332 -0.731197
-0.436332 -0.731438
-0.436332 -0.727945
-0.436332 -0.724181
-0.436332 -0.723555
-0.436332 -0.725914
-0.436332 -0.729178
-0.436332 -0.729953
-0.436332 -0.726823
-0.436332 -0.722831
-0.436332 -0.72173
-0.436332 -0.723785
-0.436332 -0.727109
-0.436332 -0.728389
-0.436332 -0.725682
-0.436332 -0.721537
-0.436332 -0.71996
-0.436332 -0.721677
-0.436332 -0.724999
-0.436332 -0.726745
-0.436332 -0.724511
-0.436332 -0.720292
-0.436332 -0.718247
-0.436332 -0.719598
-0.436332 -0.722859
-0.436332 -0.725021
-0.436332 -0.7233
-0.436332 -0.71909
-0.436332 -0.716596
-0.436332 -0.717552
-0.436332 -0.720698
-0.436332 -0.72322
-0.436332 -0.722039
-0.436332 -0.717922
-0.436332 -0.715008
-0.436332 -0.715545
-0.436332 -0.718525
-0.436332 -0.721346
-0.436332 -0.720721
-0.436332 -0.716779
-0.436332 -0.713485
-0.436332 -0.713581
-0.436332 -0.716352
-0.436332 -0.719404
-0.436332 -0.719338
-0.436332 -0.715651
-0.436332 -0.712028
-0.436332 -0.711664
-0.436332 -0.714186
-0.436332 -0.717404
-0.436332 -0.717886
-0.436332 -0.714525
-0.436332 -0.710636
-0.436332 -0.7098
-0.436332 -0.712036
-0.436332 -0.71535
-0.436332 -0.716358
-0.436332 -0.713391
-0.436332 -0.709305
-0.436332 -0.707991
-0.436332 -0.709908
-0.436332 -0.713255
-0.436332 -0.714756
-0.436332 -0.712237
-0.436332 -0.708031
-0.436332 -0.706243
-0.436332 -0.707809
-0.436332 -0.711127
-0.436332 -0.713075
-0.436332 -0.711053
-0.436332 -0.706809
-0.436332 -0.704558
-0.436332 -0.705744
-0.436332 -0.708977
-0.436332 -0.71132
-0.436332 -0.709828
-0.436332 -0.70563
-0.436332 -0.70294
-0.436332 -0.70372
-0.436332 -0.706814
-0.436332 -0.709493
-0.436332 -0.708554
-0.436332 -0.704485
-0.436332 -0.70139
-0.436332 -0.70174
-0.436332 -0.704648
-0.436332 -0.707599
-0.436332 -0.707223
-0.436332 -0.703366
-0.436332 -0.699911
-0.436332 -0.699809
-0.436332 -0.70249
-0.436332 -0.705644
-0.436332 -0.705827
-0.436332 -0.702259
-0.436332 -0.6985
-0.436332 -0.697932
-0.436332 -0.700346
-0.436332 -0.703636
-0.436332 -0.704364
-0.436332 -0.701155
-0.436332 -0.697158
-0.436332 -0.696114
-0.436332 -0.698225
-0.436332 -0.701584
-0.436332 -0.702828
-0.436332 -0.700041
-0.436332 -0.695879
-0.436332 -0.694357
-0.436332 -0.696134
-0.436332 -0.699498
-0.436332 -0.70122
-0.436332 -0.698907
-0.436332 -0.69466
-0.436332 -0.692666
-0.436332 -0.694079
-0.436332 -0.697387
-0.436332 -0.699538
-0.436332 -0.697742
-0.436332 -0.693493
-0.436332 -0.691044
-0.436332 -0.692064
-0.436332 -0.695262
-0.436332 -0.697785
-0.436332 -0.696535
-0.436332 -0.692369
-0.436332 -0.689493
-0.436332 -0.690095
-0.436332 -0.693134
-0.436332 -0.695965
-0.436332 -0.695279
-0.436332 -0.69128
-0.436332 -0.688016
-0.436332 -0.688178
-0.436332 -0.69101
-0.436332 -0.694084
-0.436332 -0.693966
-0.436332 -0.690215
-0.436332 -0.686612
-0.436332 -0.686315
-0.436332 -0.688901
-0.436332 -0.692149
-0.436332 -0.692589
-0.436332 -0.689161
-0.436332 -0.685281
-0.436332 -0.684511
-0.436332 -0.686814
-0.436332 -0.690168
-0.436332 -0.691145
-0.436332 -0.688108
-0.436332 -0.684021
-0.436332 -0.682771
-0.436332 -0.684756
-0.436332 -0.688151
-0.436332 -0.689631
-0.436332 -0.687044
-0.436332 -0.682826
-0.436332 -0.681098
-0.436332 -0.682734
-0.436332 -0.686107
-0.436332 -0.688048
-0.436332 -0.685959
-0.436332 -0.681691
-0.436332 -0.679497
-0.436332 -0.680755
-0.436332 -0.684047
-0.436332 -0.686395
-0.436332 -0.684841
-0.436332 -0.680608
-0.436332 -0.677968
-0.436332 -0.678822
-0.436332 -0.68198
-0.436332 -0.684675
-0.436332 -0.68368
-0.436332 -0.679569
-0.436332 -0.676516
-0.436332 -0.67694
-0.436332 -0.679917
-0.436332 -0.682893
-0.436332 -0.68247
-0.436332 -0.678563
-0.436332 -0.675142
-0.436332 -0.675115
-0.436332 -0.677867
-0.436332 -0.681057
-0.436332 -0.681202
-0.436332 -0.677579
-0.436332 -0.673844
-0.436332 -0.673351
-0.436332 -0.675838
-0.436332 -0.679173
-0.436332 -0.679872
-0.436332 -0.676605
-0.436332 -0.672621
-0.436332 -0.671651
-0.436332 -0.673839
-0.436332 -0.67725
-0.436332 -0.678477
-0.436332 -0.675631
-0.436332 -0.671471
-0.436332 -0.67002
-0.436332 -0.671875
-0.436332 -0.675298
-0.436332 -0.677014
-0.436332 -0.674644
-0.436332 -0.670388
-0.436332 -0.66846
-0.436332 -0.669953
-0.436332 -0.673326
-0.436332 -0.675482
-0.436332 -0.673632
-0.436332 -0.669364
-0.436332 -0.666976
-0.436332 -0.668078
-0.436332 -0.671347
-0.436332 -0.673886
-0.436332 -0.672586
-0.436332 -0.668393
-0.436332 -0.665572
-0.436332 -0.666256
-0.436332 -0.669368
-0.436332 -0.672227
-0.436332 -0.671498
-0.436332 -0.667464
-0.436332 -0.664246
-0.436332 -0.664491
-0.436332 -0.6674
-0.436332 -0.670512
-0.436332 -0.670359
-0.436332 -0.666565
-0.436332 -0.663001
-0.436332 -0.662786
-0.436332 -0.665452
-0.436332 -0.668748
-0.436332 -0.669162
-0.436332 -0.665688
-0.436332 -0.661836
-0.436332 -0.661148
-0.436332 -0.663532
-0.436332 -0.666943
-0.436332 -0.667904
-0.436332 -0.664818
-0.436332 -0.660748
-0.436332 -0.659578
-0.436332 -0.661647
-0.436332 -0.665105
-0.436332 -0.666581
-0.436332 -0.663945
-0.436332 -0.659733
-0.436332 -0.658082
-0.436332 -0.659804
-0.436332 -0.663246
-0.436332 -0.665193
-0.436332 -0.663057
-0.436332 -0.658785
-0.436332 -0.656663
-0.436332 -0.658009
-0.436332 -0.661375
-0.436332 -0.66374
-0.436332 -0.662142
-0.436332 -0.657897
