 0.5665  -0.012  0.6521  0.1249 -0.0266  0.6984 0.5665 -0.012 0.6521  0.1249 -0.0266  0.6984 0
  0.566497 -0.0119976     0.6521   0.124899  -0.026601   0.698399 0.5665 -0.012 0.6521  0.1249 -0.0266  0.6984 0
  0.566489 -0.0119903     0.6521   0.124896 -0.0266041   0.698397 0.5665 -0.012 0.6521  0.1249 -0.0266  0.6984 0
  0.566476 -0.0119782     0.6521   0.124891 -0.0266092   0.698393  0.566499 -0.011999    0.6521   0.124899 -0.0265998     0.6984 0
  0.566458 -0.0119612     0.6521   0.124883 -0.0266164   0.698387   0.566496 -0.0119963     0.6521   0.124897 -0.0265992   0.698401 0
  0.566434 -0.0119395     0.6521   0.124874 -0.0266256    0.69838    0.56649 -0.0119912     0.6521   0.124892 -0.0265981   0.698402 0
  0.566406  -0.011913   0.652099   0.124863 -0.0266368   0.698371   0.566482 -0.0119833     0.6521   0.124885 -0.0265964   0.698404 0
  0.566372 -0.0118817   0.652099   0.124849   -0.02665    0.69836    0.56647 -0.0119721     0.6521   0.124876 -0.0265939   0.698407 0
  0.566333 -0.0118457   0.652099   0.124834 -0.0266652   0.698348   0.566454 -0.0119573     0.6521   0.124863 -0.0265907    0.69841 0
  0.566289 -0.0118049   0.652099   0.124817 -0.0266825   0.698334   0.566434 -0.0119387     0.6521   0.124846 -0.0265867   0.698415 0
  0.566239 -0.0117594   0.652098   0.124797 -0.0267017   0.698319  0.566409 -0.011916  0.652099   0.124826 -0.0265818    0.69842 0
  0.566185 -0.0117092   0.652098   0.124776 -0.0267229   0.698302    0.56638 -0.0118892   0.652099  0.124803 -0.026576  0.698427 0
  0.566125 -0.0116543   0.652097   0.124752 -0.0267461   0.698283   0.566346 -0.0118581   0.652099   0.124776 -0.0265692   0.698434 0
  0.566061 -0.0115947   0.652097   0.124727 -0.0267713   0.698263   0.566308 -0.0118226   0.652099   0.124745 -0.0265615   0.698442 0
  0.565991 -0.0115305   0.652097   0.124699 -0.0267984   0.698242   0.566264 -0.0117827   0.652098    0.12471 -0.0265529   0.698452 0
  0.565916 -0.0114616   0.652096    0.12467 -0.0268275   0.698219   0.566216 -0.0117382   0.652098   0.124671 -0.0265432   0.698463 0
  0.565837 -0.0113881   0.652096   0.124638 -0.0268586   0.698194   0.566163 -0.0116892   0.652098   0.124628 -0.0265326   0.698474 0
  0.565752   -0.01131   0.652095   0.124605 -0.0268916   0.698167   0.566105 -0.0116356   0.652097  0.124581 -0.026521  0.698487 0
  0.565663 -0.0112274   0.652094    0.12457 -0.0269265    0.69814   0.566042 -0.0115775   0.652097    0.12453 -0.0265084   0.698501 0
  0.565568 -0.0111401   0.652094   0.124532 -0.0269634    0.69811   0.565974 -0.0115147   0.652096   0.124475 -0.0264948   0.698516 0
  0.565468 -0.0110483   0.652093   0.124493 -0.0270022   0.698079   0.565901 -0.0114474   0.652096   0.124416 -0.0264802   0.698532 0
  0.565364 -0.0109519   0.652092   0.124452 -0.0270429   0.698047   0.565823 -0.0113754   0.652096   0.124353 -0.0264646   0.698549 0
  0.565255 -0.0108511   0.652092   0.124409 -0.0270855   0.698013    0.56574 -0.0112989   0.652095  0.124286 -0.026448  0.698567 0
   0.56514 -0.0107457   0.652091   0.124363 -0.0271301   0.697977   0.565652 -0.0112177   0.652094   0.124215 -0.0264305   0.698586 0
  0.565021 -0.0106358    0.65209   0.124316 -0.0271765    0.69794  0.565559 -0.011132  0.652094    0.12414 -0.0264119   0.698607 0
  0.564897 -0.0105214   0.652089   0.124268 -0.0272249   0.697902   0.565462 -0.0110417   0.652093   0.124061 -0.0263924   0.698628 0
  0.564769 -0.0104026   0.652088   0.124217 -0.0272751   0.697862   0.565359 -0.0109469   0.652092   0.123978 -0.0263719    0.69865 0
  0.564635 -0.0102793   0.652088   0.124164 -0.0273272    0.69782   0.565251 -0.0108475   0.652092   0.123891 -0.0263504   0.698674 0
  0.564497 -0.0101516   0.652087   0.124109 -0.0273811   0.697777   0.565138 -0.0107436   0.652091    0.1238 -0.026328  0.698698 0
  0.564353 -0.0100195   0.652086   0.124053  -0.027437   0.697733   0.565021 -0.0106352    0.65209   0.123706 -0.0263046   0.698724 0
  0.564205  -0.009883   0.652085   0.123994 -0.0274946   0.697687   0.564899 -0.0105223    0.65209   0.123607 -0.0262802   0.698751 0
   0.564053 -0.00974211    0.652084    0.123934  -0.0275542    0.697639   0.564771 -0.0104049   0.652089   0.123504 -0.0262549   0.698778 0
   0.563895 -0.00959686    0.652083    0.123872  -0.0276156     0.69759  0.564639 -0.010283  0.652088   0.123398 -0.0262286   0.698807 0
   0.563733 -0.00944726    0.652082    0.123808  -0.0276788     0.69754   0.564503 -0.0101567   0.652087   0.123287 -0.0262014   0.698836 0
   0.563566 -0.00929333    0.652081    0.123742  -0.0277438    0.697488  0.564361 -0.010026  0.652086   0.123173 -0.0261732   0.698867 0
   0.563395 -0.00913509    0.652079    0.123675  -0.0278107    0.697435    0.564214 -0.00989085    0.652085   0.123055 -0.0261441   0.698898 0
   0.563219 -0.00897254    0.652078    0.123605  -0.0278794     0.69738    0.564063 -0.00975131    0.652084   0.122933 -0.0261141   0.698931 0
   0.563038 -0.00880572    0.652077    0.123534  -0.0279499    0.697324   0.563907 -0.0096074   0.652083   0.122808 -0.0260831   0.698964 0
   0.562852 -0.00863462    0.652076     0.12346  -0.0280222    0.697266    0.563747 -0.00945912    0.652082   0.122678 -0.0260512   0.698999 0
   0.562662 -0.00845928    0.652075    0.123385  -0.0280963    0.697207   0.563581 -0.0093065   0.652081   0.122545 -0.0260184   0.699034 0
  0.562468 -0.0082797   0.652073   0.123309 -0.0281722   0.697146    0.563411 -0.00914955     0.65208   0.122408 -0.0259847    0.69907 0
   0.562268 -0.00809591    0.652072     0.12323  -0.0282499    0.697084    0.563236 -0.00898829    0.652079   0.122267 -0.0259501   0.699108 0
   0.562065 -0.00790791    0.652071     0.12315  -0.0283293    0.697021    0.563057 -0.00882274    0.652077   0.122123 -0.0259146   0.699146 0
   0.561856 -0.00771573    0.652069    0.123067  -0.0284105    0.696956    0.562873 -0.00865291    0.652076   0.121975 -0.0258782   0.699185 0
   0.561643 -0.00751938    0.652068    0.122983  -0.0284935     0.69689    0.562684 -0.00847882    0.652075   0.121823 -0.0258409   0.699225 0
   0.561426 -0.00731887    0.652066    0.122898  -0.0285783    0.696823    0.562491 -0.00830048    0.652074   0.121667 -0.0258027   0.699265 0
   0.561204 -0.00711423    0.652065     0.12281  -0.0286647    0.696754    0.562293 -0.00811792    0.652072   0.121508 -0.0257637   0.699307 0
   0.560978 -0.00690547    0.652063    0.122721   -0.028753    0.696683    0.562091 -0.00793115    0.652071   0.121346 -0.0257237    0.69935 0
   0.560747 -0.00669261    0.652062     0.12263  -0.0288429    0.696611    0.561884 -0.00774018     0.65207   0.121179 -0.0256829   0.699393 0
   0.560512 -0.00647565     0.65206    0.122537  -0.0289346    0.696538    0.561672 -0.00754503    0.652068   0.121009 -0.0256413   0.699437 0
   0.560273 -0.00625463    0.652059    0.122442   -0.029028    0.696464    0.561456 -0.00734573    0.652067   0.120836 -0.0255987   0.699482 0
   0.560029 -0.00602955    0.652057    0.122346  -0.0291231    0.696388    0.561236 -0.00714228    0.652066   0.120659 -0.0255554   0.699528 0
    0.55978 -0.00580043    0.652055    0.122248    -0.02922    0.696311   0.561011 -0.0069347   0.652064   0.120478 -0.0255112   0.699575 0
   0.559528 -0.00556729    0.652054    0.122148  -0.0293185    0.696232    0.560782 -0.00672301    0.652063   0.120294 -0.0254661   0.699622 0
   0.559271 -0.00533014    0.652052    0.122047  -0.0294187    0.696152    0.560548 -0.00650723    0.652061   0.120106 -0.0254202    0.69967 0
  0.559009  -0.005089    0.65205   0.121944 -0.0295206   0.696071     0.56031 -0.00628737     0.65206   0.119915 -0.0253735   0.699719 0
   0.558743 -0.00484388    0.652049    0.121839  -0.0296242    0.695988    0.560067 -0.00606344    0.652058   0.11972 -0.025326  0.699769 0
   0.558473 -0.00459481    0.652047    0.121733  -0.0297295    0.695905     0.55982 -0.00583548    0.652056   0.119522 -0.0252776    0.69982 0
   0.558199 -0.00434179    0.652045    0.121624  -0.0298364    0.695819    0.559568 -0.00560348    0.652055   0.119321 -0.0252284   0.699871 0
   0.557921 -0.00408485    0.652043    0.121514   -0.029945    0.695733    0.559313 -0.00536747    0.652053   0.119116 -0.0251785   0.699923 0
  0.557638  -0.003824   0.652041   0.121403 -0.0300552   0.695645    0.559053 -0.00512746    0.652051   0.118907 -0.0251277   0.699976 0
   0.557351 -0.00355926    0.652039     0.12129  -0.0301671    0.695556    0.558788 -0.00488347     0.65205   0.118695 -0.0250761   0.700029 0
    0.55706 -0.00329063    0.652037    0.121175  -0.0302806    0.695465     0.55852 -0.00463552    0.652048    0.11848 -0.0250237   0.700083 0
   0.556765 -0.00301815    0.652035    0.121058  -0.0303958    0.695373    0.558247 -0.00438362    0.652046   0.118262 -0.0249706   0.700138 0
   0.556465 -0.00274183    0.652033     0.12094  -0.0305125     0.69528    0.557969 -0.00412778    0.652044    0.11804 -0.0249167   0.700193 0
   0.556161 -0.00246167    0.652031     0.12082  -0.0306309    0.695186    0.557688 -0.00386804    0.652042  0.117815 -0.024862  0.700249 0
  0.555854 -0.0021777   0.652029   0.120699 -0.0307509    0.69509    0.557402 -0.00360439    0.652041   0.117586 -0.0248065   0.700306 0
   0.555542 -0.00188994    0.652027    0.120576  -0.0308725    0.694993    0.557112 -0.00333687    0.652039   0.117355 -0.0247503   0.700364 0
  0.555226 -0.0015984   0.652025   0.120451 -0.0309957   0.694895    0.556818 -0.00306547    0.652037    0.11712 -0.0246933   0.700422 0
   0.554906 -0.00130309    0.652023    0.120325  -0.0311205    0.694795     0.55652 -0.00279023    0.652035   0.116881 -0.0246356    0.70048 0
   0.554581 -0.00100404    0.652021    0.120197  -0.0312469    0.694695    0.556218 -0.00251115    0.652033    0.11664 -0.0245771    0.70054 0
    0.554253 -0.000701252     0.652019     0.120067   -0.0313749     0.694592    0.555911 -0.00222826    0.652031   0.116395 -0.0245179   0.700599 0
    0.553921 -0.000394752     0.652017     0.119936   -0.0315044     0.694489      0.5556 -0.00194156    0.652029   0.116147 -0.0244579    0.70066 0
    0.553585 -8.45534e-05     0.652014     0.119803   -0.0316355     0.694385    0.555285 -0.00165108    0.652027   0.115896 -0.0243973   0.700721 0
   0.553245 0.000229328    0.652012    0.119669  -0.0317681    0.694279    0.554967 -0.00135684    0.652025   0.115642 -0.0243359   0.700782 0
     0.5529 0.000546875     0.65201    0.119533  -0.0319023    0.694172    0.554644 -0.00105883    0.652022   0.115385 -0.0242738   0.700844 0
   0.552552 0.000868072    0.652007    0.119396  -0.0320381    0.694064     0.554317 -0.000757098      0.65202  0.115124 -0.024211  0.700907 0
    0.5522  0.0011929   0.652005   0.119257 -0.0321754   0.693954     0.553986 -0.000451641     0.652018    0.11486 -0.0241475    0.70097 0
  0.551844 0.00152135   0.652003   0.119116 -0.0323142   0.693843     0.553651 -0.000142481     0.652016   0.114594 -0.0240833   0.701033 0
  0.551484  0.0018534      0.652   0.118974 -0.0324545   0.693732    0.553312 0.000170367    0.652014   0.114324 -0.0240184   0.701098 0
   0.55112 0.00218904   0.651998   0.118831 -0.0325963   0.693618    0.552969 0.000486885    0.652011   0.114051 -0.0239528   0.701162 0
  0.550753 0.00252824   0.651996   0.118686 -0.0327397   0.693504    0.552622 0.000807058    0.652009   0.113775 -0.0238866   0.701227 0
  0.550381   0.002871   0.651993   0.118539 -0.0328845   0.693389   0.552271 0.00113087   0.652007   0.113497 -0.0238196   0.701293 0
  0.550006 0.00321729   0.651991   0.118391 -0.0330309   0.693272   0.551916 0.00145831   0.652005  0.113215 -0.023752  0.701358 0
  0.549627  0.0035671   0.651988   0.118241 -0.0331787   0.693154   0.551557 0.00178935   0.652002    0.11293 -0.0236838   0.701425 0
  0.549244 0.00392042   0.651985    0.11809  -0.033328   0.693035   0.551195 0.00212398      0.652   0.112642 -0.0236149   0.701492 0
  0.548857 0.00427723   0.651983   0.117938 -0.0334788   0.692915   0.550828 0.00246218   0.651997   0.112351 -0.0235453   0.701559 0
  0.548467  0.0046375    0.65198   0.117783 -0.0336311   0.692793   0.550458 0.00280394   0.651995   0.112058 -0.0234751   0.701626 0
  0.548072 0.00500123   0.651978   0.117628 -0.0337848   0.692671   0.550084 0.00314924   0.651993   0.111761 -0.0234043   0.701694 0
  0.547674 0.00536841   0.651975   0.117471 -0.0339399   0.692547   0.549706 0.00349807    0.65199   0.111462 -0.0233329   0.701762 0
  0.547273   0.005739   0.651972   0.117312 -0.0340965   0.692422   0.549324 0.00385041   0.651988   0.111159 -0.0232608   0.701831 0
  0.546867   0.006113    0.65197   0.117152 -0.0342546   0.692296   0.548938 0.00420624   0.651985   0.110854 -0.0231881     0.7019 0
  0.546458 0.00649039   0.651967   0.116991 -0.0344141   0.692169   0.548549 0.00456554   0.651983   0.110546 -0.0231148   0.701969 0
  0.546045 0.00687116   0.651964   0.116828  -0.034575   0.692041   0.548156 0.00492831    0.65198   0.110235 -0.0230409   0.702039 0
  0.545629 0.00725528   0.651962   0.116664 -0.0347373   0.691911   0.547759 0.00529452   0.651977   0.109922 -0.0229663   0.702109 0
  0.545209 0.00764275   0.651959   0.116498 -0.0349011   0.691781   0.547358 0.00566415   0.651975   0.109605 -0.0228912   0.702179 0
  0.544786 0.00803354   0.651956   0.116331 -0.0350662   0.691649  0.546954 0.0060372  0.651972   0.109286 -0.0228156   0.702249 0
  0.544358 0.00842764   0.651953   0.116162 -0.0352328   0.691516   0.546546 0.00641365   0.651969   0.108964 -0.0227393    0.70232 0
  0.543928 0.00882503    0.65195   0.115992 -0.0354007   0.691382   0.546134 0.00679347   0.651967    0.10864 -0.0226624   0.702391 0
 0.543493 0.0092257  0.651947  0.115821  -0.03557  0.691247   0.545719 0.00717665   0.651964  0.108312 -0.022585  0.702462 0
  0.543056 0.00962963   0.651944   0.115648 -0.0357407   0.691111     0.5453 0.00756318   0.651961  0.107982 -0.022507  0.702534 0
  0.542614  0.0100368   0.651942   0.115474 -0.0359128   0.690974   0.544878 0.00795305   0.651959    0.10765 -0.0224285   0.702606 0
  0.542169  0.0104472   0.651939   0.115298 -0.0360863   0.690836   0.544452 0.00834622   0.651956   0.107314 -0.0223494   0.702677 0
 0.541721 0.0108608  0.651936  0.115122 -0.036261  0.690696  0.544022 0.0087427  0.651953   0.106976 -0.0222698    0.70275 0
  0.541269  0.0112776   0.651933   0.114943 -0.0364372   0.690556   0.543589 0.00914245    0.65195   0.106636 -0.0221896   0.702822 0
  0.540814  0.0116976    0.65193   0.114764 -0.0366147   0.690414   0.543152 0.00954547   0.651947   0.106292 -0.0221089   0.702894 0
  0.540355  0.0121208   0.651927   0.114583 -0.0367935   0.690272   0.542712 0.00995174   0.651944   0.105947 -0.0220277   0.702967 0
  0.539893  0.0125471   0.651923     0.1144 -0.0369737   0.690128  0.542268 0.0103612  0.651941  0.105598 -0.021946   0.70304 0
  0.539428  0.0129765    0.65192   0.114217 -0.0371551   0.689983 0.541821 0.010774 0.651938   0.105248 -0.0218637   0.703112 0
  0.538959  0.0134091   0.651917   0.114032 -0.0373379   0.689837   0.54137 0.0111899  0.651935  0.104894 -0.021781  0.703185 0
 0.538487 0.0138447  0.651914  0.113845 -0.037522  0.689691 0.540916 0.011609 0.651933   0.104538 -0.0216977   0.703258 0
  0.538011  0.0142834   0.651911   0.113658 -0.0377074   0.689543  0.540458 0.0120313   0.65193   0.10418 -0.021614  0.703332 0
  0.537532  0.0147252   0.651908   0.113469 -0.0378942   0.689394  0.539997 0.0124567  0.651926   0.103819 -0.0215297   0.703405 0
   0.53705  0.0151701   0.651905   0.113278 -0.0380821   0.689244  0.539533 0.0128852  0.651923  0.103456 -0.021445  0.703478 0
  0.536565  0.0156179   0.651901   0.113087 -0.0382714   0.689093  0.539065 0.0133169   0.65192    0.10309 -0.0213598   0.703552 0
 0.536076 0.0160688  0.651898  0.112894 -0.038462  0.688941  0.538594 0.0137517  0.651917   0.102722 -0.0212741   0.703625 0
  0.535584  0.0165227   0.651895     0.1127 -0.0386538   0.688788  0.538119 0.0141896  0.651914  0.102352 -0.021188  0.703698 0
  0.535089  0.0169796   0.651892   0.112504 -0.0388469   0.688634  0.537642 0.0146305  0.651911   0.101979 -0.0211014   0.703772 0
   0.53459  0.0174395   0.651888   0.112308 -0.0390412   0.688479   0.53716 0.0150745  0.651908   0.101604 -0.0210143   0.703845 0
  0.534089  0.0179023   0.651885    0.11211 -0.0392368   0.688323  0.536676 0.0155215  0.651905   0.101226 -0.0209268   0.703919 0
  0.533584   0.018368   0.651882    0.11191 -0.0394336   0.688166  0.536188 0.0159716  0.651901   0.100846 -0.0208389   0.703992 0
  0.533076  0.0188367   0.651878    0.11171 -0.0396317   0.688008  0.535697 0.0164246  0.651898   0.100464 -0.0207505   0.704066 0
  0.532565  0.0193082   0.651875   0.111508 -0.0398309    0.68785  0.535203 0.0168807  0.651895    0.10008 -0.0206618   0.704139 0
  0.532051  0.0197827   0.651871   0.111305 -0.0400314    0.68769  0.534706 0.0173397  0.651892  0.0996933 -0.0205725   0.704213 0
  0.531533    0.02026   0.651868   0.111101 -0.0402332   0.687529  0.534205 0.0178017  0.651888  0.0993044 -0.0204829   0.704286 0
  0.531013  0.0207402   0.651865   0.110896 -0.0404361   0.687367  0.533701 0.0182666  0.651885  0.0989133 -0.0203929   0.704359 0
  0.530489  0.0212232   0.651861   0.110689 -0.0406402   0.687204  0.533194 0.0187345  0.651882    0.09852 -0.0203024   0.704433 0
  0.529963   0.021709   0.651858   0.110481 -0.0408455   0.687041  0.532684 0.0192052  0.651879  0.0981245 -0.0202116   0.704506 0
 0.529433 0.0221977  0.651854  0.110272 -0.041052  0.686876  0.532171 0.0196789  0.651875  0.0977269 -0.0201204   0.704579 0
    0.5289  0.0226891   0.651851   0.110062 -0.0412597    0.68671  0.531654 0.0201554  0.651872  0.0973271 -0.0200288   0.704652 0
  0.528365  0.0231833   0.651847   0.109851 -0.0414686   0.686544  0.531135 0.0206348  0.651868  0.0969252 -0.0199368   0.704724 0
  0.527826  0.0236803   0.651843   0.109638 -0.0416786   0.686376 0.530612 0.021117 0.651865  0.0965212 -0.0198444   0.704797 0
  0.527284    0.02418    0.65184   0.109424 -0.0418898   0.686208 0.530087 0.021602 0.651861  0.0961151 -0.0197517    0.70487 0
   0.52674  0.0246824   0.651836   0.109209 -0.0421021   0.686039  0.529558 0.0220899  0.651858  0.0957069 -0.0196586   0.704942 0
  0.526192  0.0251875   0.651833   0.108993 -0.0423156   0.685868  0.529026 0.0225806  0.651854  0.0952967 -0.0195651   0.705014 0
  0.525642  0.0256954   0.651829   0.108776 -0.0425302   0.685697 0.528491 0.023074 0.651851  0.0948844 -0.0194713   0.705086 0
  0.525088  0.0262059   0.651825   0.108558 -0.0427459   0.685525  0.527954 0.0235702  0.651847  0.0944702 -0.0193772   0.705158 0
  0.524532  0.0267191   0.651822   0.108338 -0.0429628   0.685352  0.527413 0.0240691  0.651844  0.0940539 -0.0192827    0.70523 0
  0.523973  0.0272349   0.651818   0.108118 -0.0431808   0.685178  0.526869 0.0245708   0.65184  0.0936357 -0.0191879   0.705301 0
  0.523411  0.0277533   0.651814   0.107896 -0.0433999   0.685004  0.526323 0.0250752  0.651837  0.0932156 -0.0190928   0.705372 0
  0.522846  0.0282744    0.65181   0.107673 -0.0436201   0.684828  0.525773 0.0255823  0.651833  0.0927935 -0.0189973   0.705443 0
  0.522279   0.028798   0.651807   0.107449 -0.0438414   0.684652 0.525221 0.026092 0.651829  0.0923694 -0.0189016   0.705514 0
  0.521708  0.0293243   0.651803   0.107224 -0.0440637   0.684474  0.524665 0.0266045  0.651826  0.0919435 -0.0188055   0.705584 0
  0.521135   0.029853   0.651799   0.106998 -0.0442872   0.684296  0.524107 0.0271196  0.651822  0.0915157 -0.0187091   0.705655 0
  0.520559  0.0303844   0.651795   0.106771 -0.0445118   0.684117  0.523546 0.0276373  0.651818  0.0910861 -0.0186125   0.705725 0
  0.519981  0.0309183   0.651791   0.106542 -0.0447374   0.683937  0.522982 0.0281576  0.651815  0.0906546 -0.0185155   0.705794 0
 0.519399 0.0314546  0.651787  0.106313 -0.044964  0.683756  0.522416 0.0286805  0.651811  0.0902213 -0.0184183   0.705864 0
  0.518815  0.0319935   0.651784   0.106082 -0.0451918   0.683575 0.521846 0.029206 0.651807  0.0897862 -0.0183208   0.705933 0
  0.518228  0.0325349    0.65178   0.105851 -0.0454206   0.683392  0.521274 0.0297341  0.651803 0.0893493 -0.018223  0.706002 0
  0.517639  0.0330787   0.651776   0.105618 -0.0456504   0.683209  0.520699 0.0302648    0.6518  0.0889106 -0.0181249    0.70607 0
  0.517047   0.033625   0.651772   0.105384 -0.0458812   0.683025  0.520121 0.0307979  0.651796  0.0884702 -0.0180266   0.706138 0
  0.516452  0.0341737   0.651768    0.10515 -0.0461131    0.68284   0.51954 0.0313336  0.651792 0.0880281 -0.017928  0.706206 0
 0.515855 0.0347248  0.651764  0.104914 -0.046346  0.682654  0.518957 0.0318718  0.651788  0.0875843 -0.0178292   0.706274 0
 0.515255 0.0352784   0.65176  0.104677  -0.04658  0.682468  0.518371 0.0324125  0.651784  0.0871388 -0.0177302   0.706341 0
  0.514652  0.0358343   0.651756   0.104439 -0.0468149    0.68228  0.517783 0.0329556  0.651781  0.0866916 -0.0176309   0.706408 0
  0.514047  0.0363926   0.651752   0.104201 -0.0470508   0.682092  0.517191 0.0335012  0.651777  0.0862428 -0.0175314   0.706474 0
  0.513439  0.0369532   0.651748   0.103961 -0.0472878   0.681903  0.516597 0.0340492  0.651773  0.0857923 -0.0174316    0.70654 0
  0.512829  0.0375162   0.651744    0.10372 -0.0475257   0.681714  0.516001 0.0345997  0.651769  0.0853403 -0.0173317   0.706606 0
  0.512216  0.0380815    0.65174   0.103478 -0.0477646   0.681523  0.515402 0.0351526  0.651765  0.0848866 -0.0172315   0.706671 0
  0.511601  0.0386491   0.651736   0.103235 -0.0480044   0.681332    0.5148 0.0357078  0.651761  0.0844314 -0.0171311   0.706736 0
  0.510984   0.039219   0.651732   0.102992 -0.0482453    0.68114  0.514196 0.0362655  0.651757  0.0839746 -0.0170305   0.706801 0
  0.510363  0.0397911   0.651728   0.102747 -0.0484871   0.680947  0.513589 0.0368254  0.651753  0.0835163 -0.0169297   0.706865 0
  0.509741  0.0403655   0.651723   0.102501 -0.0487298   0.680754  0.512979 0.0373878  0.651749  0.0830565 -0.0168287   0.706928 0
  0.509116  0.0409422   0.651719   0.102255 -0.0489735   0.680559  0.512368 0.0379524  0.651745  0.0825951 -0.0167276   0.706992 0
  0.508488   0.041521   0.651715   0.102007 -0.0492181   0.680364  0.511753 0.0385194  0.651741  0.0821323 -0.0166263   0.707054 0
  0.507858  0.0421021   0.651711   0.101758 -0.0494637   0.680168  0.511136 0.0390886  0.651737  0.0816681 -0.0165247   0.707117 0
  0.507226  0.0426854   0.651707   0.101509 -0.0497102   0.679972  0.510517 0.0396601  0.651733  0.0812024 -0.0164231   0.707178 0
  0.506592  0.0432708   0.651702   0.101258 -0.0499576   0.679774  0.509895 0.0402339  0.651729  0.0807353 -0.0163212    0.70724 0
  0.505955  0.0438584   0.651698   0.101007 -0.0502059   0.679576  0.509271 0.0408099  0.651724  0.0802668 -0.0162192   0.707301 0
  0.505316  0.0444482   0.651694   0.100755 -0.0504552   0.679378  0.508644 0.0413882   0.65172  0.0797969 -0.0161171   0.707361 0
  0.504674    0.04504    0.65169   0.100502 -0.0507053   0.679178  0.508015 0.0419686  0.651716  0.0793256 -0.0160148   0.707421 0
   0.50403   0.045634   0.651685   0.100248 -0.0509563   0.678978  0.507384 0.0425513  0.651712   0.078853 -0.0159124   0.707481 0
  0.503384  0.0462301   0.651681  0.0999927 -0.0512082   0.678777   0.50675 0.0431361  0.651708  0.0783791 -0.0158098   0.707539 0
 0.502736 0.0468282  0.651677 0.0997368 -0.051461  0.678576  0.506114 0.0437231  0.651704  0.0779039 -0.0157071   0.707598 0
  0.502085  0.0474284   0.651673  0.0994801 -0.0517146   0.678373  0.505475 0.0443123  0.651699  0.0774273 -0.0156043   0.707656 0
  0.501433  0.0480307   0.651668  0.0992225 -0.0519691    0.67817  0.504834 0.0449035  0.651695  0.0769496 -0.0155014   0.707713 0
  0.500778  0.0486349   0.651664   0.098964 -0.0522245   0.677967  0.504191 0.0454969  0.651691  0.0764706 -0.0153983    0.70777 0
   0.50012  0.0492412    0.65166  0.0987047 -0.0524807   0.677763  0.503546 0.0460924  0.651687  0.0759903 -0.0152952   0.707826 0
  0.499461  0.0498495   0.651655  0.0984445 -0.0527378   0.677558 0.502898  0.04669 0.651682  0.0755088 -0.0151919   0.707882 0
    0.4988  0.0504598   0.651651  0.0981835 -0.0529957   0.677352  0.502249 0.0472896  0.651678  0.0750262 -0.0150886   0.707938 0
  0.498136   0.051072   0.651646  0.0979216 -0.0532544   0.677146  0.501596 0.0478913  0.651674  0.0745424 -0.0149851   0.707992 0
  0.49747 0.0516862  0.651642 0.0976589 -0.053514  0.676939 0.500942 0.048495  0.65167  0.0740574 -0.0148816   0.708046 0
  0.496803  0.0523023   0.651638  0.0973954 -0.0537743   0.676731  0.500286 0.0491007  0.651665 0.0735713 -0.014778    0.7081 0
  0.496133  0.0529203   0.651633   0.097131 -0.0540355   0.676523  0.499627 0.0497084  0.651661  0.0730841 -0.0146743   0.708153 0
  0.495461  0.0535402   0.651629  0.0968659 -0.0542975   0.676314  0.498966 0.0503181  0.651657  0.0725958 -0.0145706   0.708205 0
  0.494787   0.054162   0.651624  0.0965999 -0.0545602   0.676104  0.498303 0.0509298  0.651652  0.0721064 -0.0144668   0.708257 0
  0.494111  0.0547857    0.65162  0.0963331 -0.0548238   0.675894  0.497638 0.0515434  0.651648  0.0716159 -0.0143629   0.708308 0
  0.493433  0.0554112   0.651615  0.0960656 -0.0550881   0.675683 0.496971 0.052159 0.651643 0.0711244 -0.014259  0.708359 0
  0.492753  0.0560385   0.651611  0.0957972 -0.0553533   0.675472  0.496302 0.0527765  0.651639 0.0706319 -0.014155  0.708409 0
  0.492071  0.0566677   0.651606  0.0955281 -0.0556191    0.67526  0.495631 0.0533958  0.651635 0.0701384 -0.014051  0.708458 0
  0.491387  0.0572986   0.651602  0.0952582 -0.0558858   0.675047  0.494958 0.0540171   0.65163 0.0696439 -0.013947  0.708507 0
  0.490701  0.0579314   0.651597  0.0949876 -0.0561532   0.674834  0.494282 0.0546402  0.651626  0.0691485 -0.0138429   0.708556 0
  0.490013  0.0585659   0.651592  0.0947162 -0.0564213    0.67462  0.493605 0.0552652  0.651621  0.0686521 -0.0137388   0.708603 0
  0.489324  0.0592022   0.651588   0.094444 -0.0566902   0.674406  0.492926 0.0558921  0.651617  0.0681548 -0.0136347    0.70865 0
  0.488632  0.0598402   0.651583  0.0941711 -0.0569598   0.674191  0.492244 0.0565207  0.651612  0.0676566 -0.0135306   0.708696 0
  0.487939  0.0604799   0.651579  0.0938975 -0.0572302   0.673975  0.491561 0.0571512  0.651608  0.0671575 -0.0134264   0.708742 0
  0.487244  0.0611213   0.651574  0.0936231 -0.0575013   0.673759  0.490876 0.0577834  0.651603  0.0666575 -0.0133223   0.708787 0
 0.486546 0.0617644  0.651569  0.093348 -0.057773  0.673542  0.490189 0.0584174  0.651599  0.0661567 -0.0132181   0.708832 0
  0.485848  0.0624092   0.651565  0.0930722 -0.0580455   0.673325    0.4895 0.0590532  0.651594 0.0656551 -0.013114  0.708875 0
  0.485147  0.0630556    0.65156  0.0927957 -0.0583187   0.673107  0.488809 0.0596907   0.65159  0.0651526 -0.0130098   0.708918 0
  0.484444  0.0637037   0.651556  0.0925185 -0.0585926   0.672889  0.488116 0.0603299  0.651585  0.0646494 -0.0129057   0.708961 0
   0.48374  0.0643534   0.651551  0.0922406 -0.0588672    0.67267  0.487421 0.0609709   0.65158  0.0641454 -0.0128016   0.709003 0
  0.483034  0.0650047   0.651546   0.091962 -0.0591424    0.67245  0.486725 0.0616135  0.651576  0.0636406 -0.0126975   0.709044 0
  0.482327  0.0656576   0.651541  0.0916828 -0.0594183    0.67223  0.486027 0.0622578  0.651571  0.0631351 -0.0125935   0.709084 0
  0.481617  0.0663121   0.651537  0.0914028 -0.0596949    0.67201  0.485327 0.0629038  0.651567  0.0626289 -0.0124895   0.709124 0
  0.480906  0.0669681   0.651532  0.0911222 -0.0599721   0.671789  0.484625 0.0635514  0.651562   0.062122 -0.0123855   0.709163 0
 0.480193 0.0676257  0.651527 0.0908409  -0.06025  0.671567  0.483921 0.0642006  0.651557  0.0616144 -0.0122816   0.709202 0
  0.479479  0.0682847   0.651523   0.090559 -0.0605286   0.671345  0.483216 0.0648514  0.651553  0.0611061 -0.0121777   0.709239 0
  0.478763  0.0689453   0.651518  0.0902765 -0.0608077   0.671123  0.482509 0.0655039  0.651548  0.0605972 -0.0120739   0.709277 0
  0.478045  0.0696074   0.651513  0.0899933 -0.0610875   0.670899    0.4818 0.0661579  0.651543  0.0600877 -0.0119701   0.709313 0
  0.477326   0.070271   0.651508  0.0897094 -0.0613679   0.670676  0.481089 0.0668135  0.651539  0.0595776 -0.0118664   0.709349 0
 0.476605  0.070936  0.651504  0.089425 -0.061649  0.670452  0.480377 0.0674706  0.651534  0.0590669 -0.0117628   0.709384 0
  0.475883  0.0716025   0.651499  0.0891399 -0.0619306   0.670227  0.479663 0.0681293  0.651529  0.0585557 -0.0116592   0.709418 0
  0.475159  0.0722704   0.651494  0.0888542 -0.0622129   0.670002  0.478948 0.0687894  0.651524  0.0580439 -0.0115558   0.709452 0
  0.474434  0.0729397   0.651489  0.0885679 -0.0624958   0.669776  0.478231 0.0694511   0.65152  0.0575315 -0.0114524   0.709484 0
  0.473707  0.0736104   0.651484   0.088281 -0.0627792    0.66955  0.477512 0.0701142  0.651515  0.0570187 -0.0113491   0.709517 0
  0.472978  0.0742825   0.651479  0.0879936 -0.0630632   0.669324  0.476792 0.0707788   0.65151  0.0565053 -0.0112458   0.709548 0
  0.472248  0.0749559   0.651475  0.0877055 -0.0633478   0.669097   0.47607 0.0714449  0.651505  0.0559915 -0.0111427   0.709579 0
 0.471517 0.0756307   0.65147 0.0874169 -0.063633   0.66887  0.475347 0.0721124  0.651501  0.0554773 -0.0110397   0.709609 0
  0.470784  0.0763069   0.651465  0.0871276 -0.0639187   0.668642  0.474622 0.0727812  0.651496  0.0549626 -0.0109368   0.709638 0
  0.47005 0.0769843   0.65146 0.0868379 -0.064205  0.668414  0.473895 0.0734516  0.651491 0.0544475 -0.010834  0.709667 0
  0.469314   0.077663   0.651455  0.0865476 -0.0644918   0.668185  0.473167 0.0741232  0.651486   0.053932 -0.0107313   0.709695 0
  0.468577   0.078343    0.65145  0.0862567 -0.0647792   0.667956  0.472438 0.0747963  0.651481  0.0534161 -0.0106287   0.709722 0
  0.467838  0.0790243   0.651445  0.0859653 -0.0650671   0.667726  0.471707 0.0754707  0.651477  0.0528999 -0.0105263   0.709749 0
  0.467099  0.0797069    0.65144  0.0856733 -0.0653556   0.667496  0.470975 0.0761464  0.651472 0.0523833 -0.010424  0.709774 0
  0.466357  0.0803906   0.651436  0.0853809 -0.0656445   0.667266  0.470241 0.0768235  0.651467  0.0518664 -0.0103218     0.7098 0
 0.465615 0.0810756  0.651431 0.0850879 -0.065934  0.667035  0.469506 0.0775018  0.651462  0.0513492 -0.0102198   0.709824 0
 0.464871 0.0817618  0.651426 0.0847944 -0.066224  0.666804  0.468769 0.0781815  0.651457  0.0508317 -0.0101179   0.709847 0
  0.464126  0.0824492   0.651421  0.0845003 -0.0665145   0.666572  0.468031 0.0788624  0.651452  0.0503139 -0.0100161    0.70987 0
   0.46338  0.0831377   0.651416  0.0842058 -0.0668054    0.66634  0.467292 0.0795445  0.651447  0.0497959 -0.0099145   0.709892 0
  0.462632  0.0838274   0.651411  0.0839108 -0.0670969   0.666107  0.466551 0.0802279  0.651442   0.0492777 -0.00981305    0.709914 0
  0.461884  0.0845182   0.651406  0.0836153 -0.0673889   0.665875  0.465809 0.0809125  0.651438   0.0487592 -0.00971175    0.709935 0
  0.461134  0.0852101   0.651401  0.0833194 -0.0676813   0.665642  0.465066 0.0815983  0.651433   0.0482406 -0.00961063    0.709955 0
  0.460382  0.0859032   0.651396  0.0830229 -0.0679741   0.665408  0.464321 0.0822854  0.651428   0.0477218 -0.00950966    0.709974 0
   0.45963  0.0865973   0.651391   0.082726 -0.0682675   0.665174  0.463575 0.0829735  0.651423   0.0472028 -0.00940887    0.709992 0
  0.458876  0.0872925   0.651386  0.0824287 -0.0685613    0.66494  0.462828 0.0836629  0.651418   0.0466837 -0.00930826     0.71001 0
  0.458122  0.0879888   0.651381  0.0821308 -0.0688555   0.664705   0.46208 0.0843534  0.651413   0.0461645 -0.00920783    0.710027 0
  0.457366  0.0886861   0.651376  0.0818326 -0.0691502    0.66447  0.46133 0.085045 0.651408   0.0456451 -0.00910757    0.710044 0
  0.456609  0.0893844   0.651371  0.0815339 -0.0694453   0.664235   0.46058 0.0857377  0.651403   0.0451257 -0.00900751    0.710059 0
  0.455851  0.0900837   0.651366  0.0812348 -0.0697408   0.663999  0.459828 0.0864315  0.651398   0.0446062 -0.00890763    0.710074 0
  0.455092   0.090784   0.651361  0.0809352 -0.0700368   0.663763  0.459075 0.0871263  0.651393   0.0440867 -0.00880796    0.710088 0
  0.454332  0.0914853   0.651356  0.0806352 -0.0703332   0.663527   0.45832 0.0878223  0.651388   0.0435671 -0.00870848    0.710102 0
  0.453571  0.0921875   0.651351  0.0803349 -0.0706299    0.66329  0.457565 0.0885192  0.651383  0.0430475 -0.0086092   0.710114 0
  0.452809  0.0928907   0.651346  0.0800341 -0.0709271   0.663053  0.456808 0.0892172  0.651378    0.042528 -0.00851013    0.710126 0
  0.452045  0.0935948   0.651341  0.0797329 -0.0712247   0.662816  0.456051 0.0899162  0.651373   0.0420084 -0.00841127    0.710137 0
  0.451281  0.0942998   0.651336  0.0794313 -0.0715226   0.662578  0.455292 0.0906162  0.651368   0.0414889 -0.00831263    0.710148 0
  0.450516  0.0950057    0.65133  0.0791294 -0.0718209   0.662341  0.454533 0.0913172  0.651363  0.0409695 -0.0082142   0.710158 0
   0.44975  0.0957125   0.651325  0.0788271 -0.0721196   0.662102  0.453772 0.0920191  0.651358 0.0404501 -0.008116  0.710167 0
  0.448983  0.0964202    0.65132  0.0785244 -0.0724187   0.661864  0.45301 0.092722 0.651353   0.0399308 -0.00801802    0.710175 0
  0.448215  0.0971286   0.651315  0.0782213 -0.0727181   0.661625  0.452247 0.0934258  0.651348   0.0394117 -0.00792027    0.710183 0
  0.447446   0.097838    0.65131  0.0779179 -0.0730178   0.661386  0.451483 0.0941306  0.651343   0.0388927 -0.00782275     0.71019 0
  0.446676  0.0985481   0.651305  0.0776142 -0.0733179   0.661147  0.450719 0.0948362  0.651338   0.0383738 -0.00772546    0.710196 0
  0.445906   0.099259     0.6513  0.0773101 -0.0736184   0.660907  0.449953 0.0955427  0.651333   0.0378551 -0.00762842    0.710201 0
  0.445134  0.0999707   0.651295  0.0770057 -0.0739191   0.660667  0.449186 0.0962501  0.651327   0.0373366 -0.00753162    0.710206 0
  0.444362   0.100683    0.65129  0.0767009 -0.0742202   0.660427  0.448419 0.0969583  0.651322   0.0368183 -0.00743507     0.71021 0
  0.443589   0.101396   0.651284  0.0763959 -0.0745216   0.660187   0.44765 0.0976673  0.651317   0.0363002 -0.00733876    0.710213 0
  0.442815    0.10211   0.651279  0.0760905 -0.0748233   0.659946  0.446881 0.0983772  0.651312   0.0357823 -0.00724271    0.710216 0
  0.442041   0.102825   0.651274  0.0757848 -0.0751253   0.659706  0.446111 0.0990878  0.651307   0.0352647 -0.00714691    0.710218 0
  0.441265    0.10354   0.651269  0.0754788 -0.0754277   0.659464   0.44534 0.0997993  0.651302   0.0347474 -0.00705138    0.710219 0
  0.440489   0.104256   0.651264  0.0751725 -0.0757302   0.659223 0.444568 0.100511 0.651297  0.0342303 -0.0069561    0.71022 0
  0.439712   0.104973   0.651259   0.074866 -0.0760331   0.658982 0.443795 0.101224 0.651292  0.0337136 -0.0068611   0.710219 0
  0.438935    0.10569   0.651254  0.0745591 -0.0763363    0.65874 0.443021 0.101938 0.651287   0.0331972 -0.00676636    0.710218 0
  0.438157   0.106408   0.651248   0.074252 -0.0766397   0.658498 0.442247 0.102653 0.651281   0.0326811 -0.00667189    0.710217 0
  0.437378   0.107127   0.651243  0.0739447 -0.0769434   0.658256 0.441472 0.103368 0.651276  0.0321654 -0.0065777   0.710215 0
  0.436598   0.107846   0.651238   0.073637 -0.0772473   0.658013 0.440696 0.104083 0.651271   0.0316501 -0.00648378    0.710212 0
  0.435818   0.108566   0.651233  0.0733292 -0.0775515   0.657771  0.43992   0.1048 0.651266   0.0311351 -0.00639015    0.710208 0
  0.435037   0.109286   0.651228   0.073021 -0.0778559   0.657528 0.439142 0.105517 0.651261  0.0306206 -0.0062968   0.710203 0
  0.434256   0.110007   0.651223  0.0727127 -0.0781606   0.657285 0.438365 0.106235 0.651256   0.0301065 -0.00620374    0.710198 0
  0.433474   0.110729   0.651217  0.0724041 -0.0784654   0.657042 0.437586 0.106953 0.651251   0.0295929 -0.00611096    0.710193 0
  0.432691   0.111451   0.651212  0.0720953 -0.0787705   0.656799 0.436807 0.107672 0.651245   0.0290797 -0.00601848    0.710186 0
  0.431908   0.112173   0.651207  0.0717863 -0.0790758   0.656555 0.436027 0.108392  0.65124   0.0285669 -0.00592629    0.710179 0
  0.431125   0.112896   0.651202   0.071477 -0.0793814   0.656312 0.435246 0.109112 0.651235  0.0280547 -0.0058344   0.710171 0
  0.430341   0.113619   0.651197  0.0711676 -0.0796871   0.656068 0.434465 0.109832  0.65123    0.027543 -0.00574281    0.710163 0
 0.429556  0.114343  0.651191  0.070858 -0.079993  0.655824 0.433684 0.110554 0.651225   0.0270319 -0.00565152    0.710154 0
  0.428771   0.115068   0.651186  0.0705482 -0.0802991    0.65558 0.432901 0.111275  0.65122   0.0265212 -0.00556054    0.710144 0
  0.427985   0.115792   0.651181  0.0702382 -0.0806054   0.655336 0.432118 0.111998 0.651214   0.0260111 -0.00546987    0.710134 0
  0.427199   0.116517   0.651176   0.069928 -0.0809118   0.655091 0.431335  0.11272 0.651209  0.0255017 -0.0053795   0.710123 0
  0.426413   0.117243   0.651171  0.0696177 -0.0812184   0.654847 0.430551 0.113444 0.651204   0.0249927 -0.00528945    0.710111 0
  0.425626   0.117969   0.651165  0.0693072 -0.0815252   0.654602 0.429767 0.114167 0.651199   0.0244845 -0.00519971    0.710099 0
  0.424839   0.118695    0.65116  0.0689965 -0.0818321   0.654358 0.428982 0.114891 0.651194   0.0239768 -0.00511029    0.710086 0
  0.424052   0.119422   0.651155  0.0686857 -0.0821391   0.654113 0.428197 0.115616 0.651188   0.0234698 -0.00502119    0.710072 0
  0.423264   0.120149    0.65115  0.0683748 -0.0824463   0.653868 0.427411 0.116341 0.651183   0.0229634 -0.00493241    0.710058 0
  0.422475   0.120876   0.651144  0.0680638 -0.0827537   0.653623 0.426625 0.117066 0.651178   0.0224578 -0.00484396    0.710043 0
  0.421687   0.121603   0.651139  0.0677526 -0.0830611   0.653378 0.425838 0.117792 0.651173   0.0219528 -0.00475583    0.710027 0
  0.420898   0.122331   0.651134  0.0674413 -0.0833687   0.653132 0.425051 0.118518 0.651167   0.0214485 -0.00466802    0.710011 0
  0.420109   0.123059   0.651129  0.0671298 -0.0836764   0.652887 0.424264 0.119245 0.651162    0.020945 -0.00458055    0.709994 0
  0.419319   0.123787   0.651123  0.0668183 -0.0839841   0.652641 0.423476 0.119971 0.651157   0.0204422 -0.00449341    0.709977 0
  0.41853  0.124516  0.651118 0.0665067 -0.084292  0.652396 0.422688 0.120698 0.651152  0.0199401 -0.0044066   0.709959 0
 0.41774 0.125245 0.651113 0.066195  -0.0846  0.65215   0.4219 0.121426 0.651146   0.0194388 -0.00432013     0.70994 0
  0.41695  0.125974  0.651108 0.0658832 -0.084908  0.651905 0.421111 0.122153 0.651141 0.0189383 -0.004234  0.709921 0
   0.41616   0.126703   0.651102  0.0655713 -0.0852161   0.651659 0.420322 0.122881 0.651136  0.0184387 -0.0041482   0.709901 0
  0.415369   0.127432   0.651097  0.0652594 -0.0855243   0.651413 0.419533 0.123609 0.651131   0.0179398 -0.00406275    0.709881 0
  0.414579   0.128161   0.651092  0.0649474 -0.0858326   0.651168 0.418744 0.124338 0.651126   0.0174418 -0.00397763     0.70986 0
  0.413788   0.128891   0.651087  0.0646354 -0.0861409   0.650922 0.417954 0.125066  0.65112   0.0169446 -0.00389286    0.709838 0
  0.412997   0.129621   0.651081  0.0643233 -0.0864492   0.650676 0.417164 0.125795 0.651115   0.0164483 -0.00380844    0.709816 0
  0.412206    0.13035   0.651076  0.0640111 -0.0867576    0.65043 0.416374 0.126524  0.65111   0.0159528 -0.00372437    0.709794 0
  0.411415    0.13108   0.651071  0.0636989 -0.0870661   0.650184 0.415584 0.127253 0.651105   0.0154583 -0.00364064     0.70977 0
  0.410624    0.13181   0.651066  0.0633867 -0.0873745   0.649938 0.414793 0.127983 0.651099   0.0149647 -0.00355726    0.709746 0
 0.409832   0.13254   0.65106 0.0630745 -0.087683  0.649692 0.414002 0.128712 0.651094    0.014472 -0.00347423    0.709722 0
  0.409041    0.13327   0.651055  0.0627622 -0.0879915   0.649446 0.413212 0.129442 0.651089   0.0139802 -0.00339156    0.709697 0
0.40825   0.134 0.65105 0.06245 -0.0883  0.6492 0.412421 0.130171 0.651084   0.0134894 -0.00330924    0.709672 0
  0.407459    0.13473   0.651045  0.0621378 -0.0886085   0.648954  0.41163 0.130901 0.651078   0.0129996 -0.00322727    0.709646 0.005
 0.406668   0.13546  0.651039 0.0618255 -0.088917  0.648708 0.410839 0.131631 0.651073   0.0125108 -0.00314566    0.709619 0.01
  0.405876    0.13619   0.651034  0.0615133 -0.0892255   0.648462 0.410048 0.132361 0.651068   0.0120311 -0.00306722    0.709593 0.015
  0.405085    0.13692   0.651029  0.0612011 -0.0895339   0.648216 0.409257 0.133091 0.651062  0.0115675 -0.0029943   0.709568 0.02
  0.404294    0.13765   0.651024  0.0608889 -0.0898424    0.64797 0.408466 0.133821 0.651057   0.0111255 -0.00292885    0.709546 0.025
  0.403503   0.138379   0.651018  0.0605768 -0.0901508   0.647724 0.407675 0.134551 0.651051   0.0107099 -0.00287249    0.709526 0.03
  0.402712   0.139109   0.651013  0.0602646 -0.0904591   0.647478 0.406884 0.135282 0.651045   0.0103249 -0.00282651    0.709509 0.035
  0.401922   0.139839   0.651008  0.0599526 -0.0907674   0.647232 0.406093 0.136013 0.651039  0.00997379 -0.00279199    0.709496 0.04
  0.401131   0.140568   0.651003  0.0596406 -0.0910757   0.646987 0.405303 0.136743 0.651032  0.00965973 -0.00276975    0.709487 0.045
   0.40034   0.141297   0.650998  0.0593287 -0.0913839   0.646741 0.404512 0.137474 0.651026  0.00938532 -0.00276041    0.709484 0.05
  0.39955  0.142026  0.650992 0.0590168 -0.091692  0.646495 0.403722 0.138205 0.651019  0.00915299 -0.00276441    0.709485 0.055
 0.39876 0.142755 0.650987 0.058705   -0.092  0.64625 0.402931 0.138936 0.651013  0.00896491 -0.00278202    0.709491 0.06
  0.39797  0.143484  0.650982 0.0583933 -0.092308  0.646004 0.402141 0.139667 0.651006  0.00882312 -0.00281331    0.709504 0.065
  0.397181   0.144213   0.650977  0.0580817 -0.0926159   0.645758 0.401351 0.140398 0.650999  0.00872952 -0.00285826    0.709522 0.07
  0.396391   0.144941   0.650971  0.0577702 -0.0929236   0.645513 0.400561 0.141129 0.650992  0.00868595 -0.00291667    0.709546 0.075
  0.395602   0.145669   0.650966  0.0574587 -0.0932313   0.645268 0.399771  0.14186 0.650985  0.00869419 -0.00298822    0.709577 0.08
  0.394813   0.146397   0.650961  0.0571474 -0.0935389   0.645022 0.398982  0.14259 0.650978  0.00875603 -0.00307245    0.709614 0.085
  0.394025   0.147124   0.650956  0.0568362 -0.0938463   0.644777 0.398193 0.143321 0.650971  0.00887321 -0.00316878    0.709658 0.09
  0.393236   0.147851    0.65095  0.0565252 -0.0941537   0.644532 0.397404 0.144052 0.650963  0.00904752 -0.00327651    0.709708 0.095
  0.392448   0.148578   0.650945  0.0562143 -0.0944609   0.644287 0.396615 0.144782 0.650956  0.00928075 -0.00339483    0.709765 0.1
  0.391661   0.149305    0.65094  0.0559035 -0.0947679   0.644042 0.395827 0.145512 0.650949  0.00957475 -0.00352279    0.709829 0.105
  0.390874   0.150031   0.650935  0.0555928 -0.0950748   0.643798 0.395038 0.146242 0.650941  0.00993143 -0.00365935    0.709899 0.11
  0.390087   0.150757   0.650929  0.0552823 -0.0953816   0.643553 0.394251 0.146971 0.650934   0.0103527 -0.00380333    0.709977 0.115
  0.389301   0.151483   0.650924   0.054972 -0.0956882   0.643309 0.393463   0.1477 0.650926   0.0108406 -0.00395348     0.71006 0.12
  0.388515   0.152208   0.650919  0.0546618 -0.0959946   0.643064 0.392676 0.148429 0.650918   0.0113972 -0.00410838    0.710151 0.125
  0.387729   0.152932   0.650914  0.0543518 -0.0963009    0.64282  0.39189 0.149158  0.65091   0.0120247 -0.00426653    0.710247 0.13
 0.386944  0.153657  0.650909  0.054042 -0.096607  0.642576 0.391104 0.149885 0.650902   0.0127253 -0.00442631    0.710349 0.135
  0.386159   0.154381   0.650903  0.0537324 -0.0969129   0.642332 0.390318 0.150613 0.650894   0.0135013 -0.00458598    0.710457 0.14
  0.385375   0.155104   0.650898   0.053423 -0.0972186   0.642088 0.389533 0.151339 0.650886    0.014355 -0.00474368     0.71057 0.145
  0.384592   0.155827   0.650893  0.0531137 -0.0975241   0.641845 0.388749 0.152066 0.650877   0.0152888 -0.00489743    0.710688 0.15
  0.383809   0.156549   0.650888  0.0528047 -0.0978295   0.641601 0.387965 0.152791 0.650868   0.0163053 -0.00504512     0.71081 0.155
  0.383026   0.157271   0.650883  0.0524959 -0.0981346   0.641358 0.387182 0.153515 0.650859   0.0174069 -0.00518451    0.710936 0.16
  0.382244   0.157993   0.650877  0.0521873 -0.0984394   0.641115 0.386399 0.154239 0.650849    0.018596 -0.00531326    0.711064 0.165
  0.381463   0.158714   0.650872   0.051879 -0.0987441   0.640872 0.385618 0.154961  0.65084   0.0198752 -0.00542885    0.711194 0.17
  0.380682   0.159434   0.650867  0.0515708 -0.0990485   0.640629 0.384837 0.155683 0.650829   0.0212468 -0.00552867    0.711326 0.175
  0.379902   0.160154   0.650862   0.051263 -0.0993527   0.640387 0.384057 0.156403 0.650819   0.0227129 -0.00560997    0.711456 0.18
  0.379122   0.160873   0.650857  0.0509553 -0.0996566   0.640144 0.383278 0.157122 0.650808   0.0242757 -0.00566986    0.711586 0.185
  0.378343   0.161592   0.650852   0.050648 -0.0999603   0.639902 0.382499 0.157839 0.650796   0.0259367 -0.00570538    0.711713 0.19
 0.377565   0.16231  0.650846 0.0503409 -0.100264   0.63966 0.381722 0.158554 0.650784   0.0276972 -0.00571345    0.711835 0.195
 0.376788  0.163027  0.650841  0.050034 -0.100567  0.639418 0.380946 0.159268 0.650772   0.0295579 -0.00569098     0.71195 0.2
 0.376011  0.163744  0.650836 0.0497275  -0.10087  0.639177 0.380171  0.15998 0.650758   0.0315185 -0.00563486    0.712058 0.205
 0.375235   0.16446  0.650831 0.0494212 -0.101172  0.638936 0.379397 0.160689 0.650745   0.0335777 -0.00554211    0.712155 0.21
 0.374459  0.165175  0.650826 0.0491152 -0.101475  0.638694 0.378624 0.161396  0.65073    0.035733 -0.00540998     0.71224 0.215
 0.373685   0.16589  0.650821 0.0488095 -0.101777  0.638454 0.377852   0.1621 0.650715   0.0379798 -0.00523612    0.712311 0.22
 0.372911  0.166604  0.650816 0.0485041 -0.102078  0.638213 0.377081 0.162801   0.6507   0.0403114 -0.00501885    0.712364 0.225
 0.372138  0.167317   0.65081 0.0481991  -0.10238  0.637973 0.376312   0.1635 0.650684   0.0427186 -0.00475746    0.712398 0.23
 0.371366  0.168029  0.650805 0.0478943 -0.102681  0.637733 0.375544 0.164196 0.650668   0.0451887 -0.00445262    0.712411 0.235
 0.370594  0.168741    0.6508 0.0475899 -0.102982  0.637493 0.374777 0.164888 0.650653   0.0477052 -0.00410689    0.712402 0.24
 0.369824  0.169452  0.650795 0.0472858 -0.103282  0.637253  0.37401 0.165579 0.650638   0.0502476 -0.00372529    0.712368 0.245
 0.369054  0.170162   0.65079 0.0469821 -0.103582  0.637014 0.373244 0.166267 0.650625  0.0527911 -0.0033159    0.71231 0.25
 0.368285  0.170871  0.650785 0.0466787 -0.103882  0.636775 0.372479 0.166955 0.650614   0.0553068 -0.00289039    0.712229 0.255
 0.367517   0.17158   0.65078 0.0463756 -0.104181  0.636536 0.371713 0.167643 0.650607   0.0577629 -0.00246433    0.712126 0.26
  0.36675  0.172287  0.650775 0.0460729  -0.10448  0.636298 0.370945 0.168333 0.650604   0.0601258 -0.00205727    0.712004 0.265
 0.365984  0.172994   0.65077 0.0457706 -0.104779  0.636059 0.370176 0.169025 0.650606   0.0623625 -0.00169231    0.711867 0.27
 0.365219    0.1737  0.650764 0.0454687 -0.105077  0.635822 0.369404 0.169723 0.650614    0.064443 -0.00139517     0.71172 0.275
 0.364455  0.174405  0.650759 0.0451671 -0.105375  0.635584 0.368627 0.170427  0.65063   0.0663431 -0.00119301    0.711567 0.28
 0.363691  0.175109  0.650754 0.0448659 -0.105673  0.635347 0.367847 0.171137 0.650652   0.0680459 -0.00111283    0.711413 0.285
 0.362929  0.175812  0.650749 0.0445651  -0.10597   0.63511  0.36706 0.171854 0.650682   0.0695434 -0.00118001    0.711262 0.29
 0.362168  0.176515  0.650744 0.0442648 -0.106267  0.634873 0.366269 0.172578 0.650717   0.0708365 -0.00141695    0.711116 0.295
 0.361408  0.177216  0.650739 0.0439648 -0.106563  0.634637 0.365472 0.173306 0.650759   0.0719349 -0.00184199    0.710976 0.3
 0.360649  0.177916  0.650734 0.0436653 -0.106859  0.634401  0.36467 0.174037 0.650804   0.0728556 -0.00246874    0.710841 0.305
 0.359891  0.178616  0.650729 0.0433661 -0.107155  0.634165 0.363864  0.17477 0.650853   0.0736214 -0.00330568     0.71071 0.31
 0.359134  0.179314  0.650724 0.0430674  -0.10745   0.63393 0.363055 0.175501 0.650904   0.0742594 -0.00435603    0.710578 0.315
 0.358378  0.180011  0.650719 0.0427692 -0.107744  0.633695 0.362248 0.176224 0.650955   0.0747991 -0.00561924    0.710442 0.32
 0.357624  0.180707  0.650714 0.0424713 -0.108039   0.63346 0.361466 0.176889 0.651006   0.0752703 -0.00709825    0.710297 0.325
  0.35687  0.181403  0.650709  0.042174 -0.108333  0.633226 0.360703 0.177512 0.651055    0.075703 -0.00877842    0.710137 0.33
 0.356118  0.182097  0.650704 0.0418771 -0.108626  0.632992 0.359953 0.178108 0.651102   0.076126 -0.0106413   0.709957 0.335
 0.355366   0.18279  0.650699 0.0415806 -0.108919  0.632758 0.359211 0.178693 0.651144  0.0765664 -0.0126651   0.709752 0.34
 0.354616  0.183482  0.650694 0.0412847 -0.109211  0.632525  0.35847 0.179278 0.651182  0.0770481 -0.0148255   0.709518 0.345
 0.353868  0.184173  0.650689 0.0409892 -0.109503  0.632293 0.357726 0.179876 0.651214  0.0775922 -0.0170961   0.709252 0.35
  0.35312  0.184862  0.650684 0.0406942 -0.109795   0.63206 0.356975 0.180497 0.651241  0.0782163 -0.0194492    0.70895 0.355
 0.352374  0.185551  0.650679 0.0403997 -0.110086  0.631828 0.356211 0.181151  0.65126  0.0789344 -0.0218563   0.708613 0.36
 0.351629  0.186238  0.650674 0.0401056 -0.110376  0.631596 0.355433 0.181847 0.651272  0.0797567 -0.0242887   0.708238 0.365
 0.350885  0.186924  0.650669 0.0398121 -0.110666  0.631365 0.354636  0.18259 0.651278  0.0806898 -0.0267182   0.707827 0.37
 0.350143  0.187609  0.650664 0.0395191 -0.110955  0.631134 0.353818 0.183387 0.651276  0.0817366 -0.0291174   0.707381 0.375
 0.349401  0.188293   0.65066 0.0392267 -0.111244  0.630904 0.353019  0.18416 0.651268  0.0828897 -0.0314795   0.706903 0.38
 0.348662  0.188976  0.650655 0.0389347 -0.111533  0.630674 0.352236 0.184914 0.651253  0.0841439 -0.0337811   0.706396 0.385
 0.347923  0.189657   0.65065 0.0386433 -0.111821  0.630444 0.351468 0.185653 0.651232  0.0854918 -0.0360011   0.705865 0.39
 0.347186  0.190337  0.650645 0.0383524 -0.112108  0.630215 0.350713  0.18638 0.651206 0.0869236 -0.038121  0.705314 0.395
  0.34645  0.191016   0.65064 0.0380621 -0.112395  0.629986 0.349969 0.187099 0.651176  0.0884279 -0.0401252   0.704748 0.4
 0.345716  0.191693  0.650635 0.0377724 -0.112681  0.629758 0.349234 0.187811 0.651141  0.0899918 -0.0420013   0.704172 0.405
 0.344983  0.192369   0.65063 0.0374831 -0.112967   0.62953 0.348507 0.188517 0.651104 0.0916018  -0.04374  0.703591 0.41
 0.344252  0.193044  0.650625 0.0371945 -0.113252  0.629303 0.347787  0.18922 0.651065  0.093244 -0.045335   0.70301 0.415
 0.343522  0.193718  0.650621 0.0369065 -0.113537  0.629076 0.347072  0.18992 0.651024  0.0949043 -0.0467831   0.702435 0.42
 0.342793   0.19439  0.650616  0.036619 -0.113821   0.62885 0.346361 0.190617 0.650982  0.0965693 -0.0480837    0.70187 0.425
 0.342066   0.19506  0.650611 0.0363321 -0.114104  0.628624 0.345653 0.191313 0.650941 0.0982261 -0.049239  0.701317 0.43
 0.341341   0.19573  0.650606 0.0360458 -0.114387  0.628398 0.344948 0.192006   0.6509  0.0998629 -0.0502532   0.700782 0.435
 0.340617  0.196398  0.650601 0.0357601 -0.114669  0.628173 0.344244 0.192698  0.65086   0.101469 -0.0511322   0.700266 0.44
 0.339895  0.197064  0.650596  0.035475 -0.114951  0.627948 0.343541 0.193388 0.650822   0.103035 -0.0518836   0.699771 0.445
 0.339174  0.197729  0.650592 0.0351906 -0.115232  0.627724 0.342839 0.194076 0.650786   0.104553 -0.0525158   0.699301 0.45
 0.338455  0.198393  0.650587 0.0349067 -0.115512  0.627501 0.342136 0.194762 0.650752   0.106015 -0.0530382   0.698854 0.455
 0.337737  0.199055  0.650582 0.0346235 -0.115792  0.627277 0.341433 0.195447  0.65072   0.107417 -0.0534602   0.698433 0.46
 0.337021  0.199715  0.650577  0.034341 -0.116071  0.627055  0.34073 0.196129 0.650691   0.108755 -0.0537918   0.698038 0.465
 0.336307  0.200374  0.650573 0.0340591  -0.11635  0.626833 0.340026 0.196809 0.650665   0.110024 -0.0540425   0.697668 0.47
 0.335594  0.201032  0.650568 0.0337778 -0.116628  0.626611 0.339322 0.197486 0.650641   0.111223 -0.0542217   0.697323 0.475
 0.334883  0.201688  0.650563 0.0334972 -0.116905   0.62639 0.338617 0.198161  0.65062    0.11235 -0.0543382   0.697003 0.48
 0.334173  0.202342  0.650558 0.0332172 -0.117182   0.62617 0.337912 0.198834 0.650601   0.113406 -0.0544004   0.696707 0.485
 0.333466  0.202995  0.650554  0.032938 -0.117458   0.62595 0.337207 0.199504 0.650584   0.114391 -0.0544161   0.696435 0.49
  0.33276  0.203647  0.650549 0.0326594 -0.117733   0.62573 0.336502 0.200172 0.650569   0.115304 -0.0543922   0.696185 0.495
 0.332056  0.204296  0.650544 0.0323815 -0.118007  0.625511 0.335796 0.200837 0.650557   0.116148 -0.0543351   0.695957 0.5
 0.331353  0.204944   0.65054 0.0321043 -0.118281  0.625293 0.335091   0.2015 0.650546   0.116924 -0.0542507   0.695749 0.505
 0.330652  0.205591  0.650535 0.0318278 -0.118554  0.625075 0.334387  0.20216 0.650536  0.117635 -0.054144   0.69556 0.51
 0.329954  0.206236   0.65053  0.031552 -0.118827  0.624858 0.333683 0.202818 0.650528   0.118282 -0.0540195    0.69539 0.515
 0.329256  0.206879  0.650526 0.0312769 -0.119099  0.624641  0.33298 0.203474 0.650521   0.118868 -0.0538811   0.695237 0.52
 0.328561   0.20752  0.650521 0.0310025  -0.11937  0.624425 0.332277 0.204128 0.650514   0.119395 -0.0537322     0.6951 0.525
 0.327868   0.20816  0.650517 0.0307289  -0.11964  0.624209 0.331576 0.204779 0.650509   0.119867 -0.0535756   0.694979 0.53
0.327176 0.208798 0.650512 0.030456 -0.11991 0.623994 0.330876 0.205428 0.650504   0.120286 -0.0534139   0.694872 0.535
 0.326487  0.209434  0.650507 0.0301838 -0.120179   0.62378 0.330178 0.206074   0.6505   0.120655 -0.0532491   0.694779 0.54
 0.325799  0.210069  0.650503 0.0299124 -0.120447  0.623566 0.329481 0.206719 0.650496  0.120976 -0.053083  0.694698 0.545
 0.325113  0.210701  0.650498 0.0296418 -0.120714  0.623353 0.328785 0.207362 0.650493   0.121252 -0.0529168   0.694629 0.55
 0.324429  0.211332  0.650494 0.0293719 -0.120981   0.62314 0.328091 0.208002  0.65049   0.121486 -0.0527518   0.694571 0.555
 0.323747  0.211961  0.650489 0.0291028 -0.121247  0.622928 0.327399 0.208641 0.650487   0.121681 -0.0525888   0.694523 0.56
 0.323067  0.212589  0.650485 0.0288344 -0.121512  0.622717 0.326708 0.209277 0.650484   0.121839 -0.0524285   0.694485 0.565
 0.322389  0.213214   0.65048 0.0285669 -0.121776  0.622506 0.326019 0.209912 0.650481   0.121963 -0.0522713   0.694455 0.57
 0.321713  0.213838  0.650476 0.0283001  -0.12204  0.622296 0.325332 0.210545 0.650478   0.122055 -0.0521176   0.694433 0.575
 0.321039   0.21446  0.650471 0.0280341 -0.122303  0.622086 0.324647 0.211176 0.650475   0.122117 -0.0519677   0.694418 0.58
 0.320367   0.21508  0.650467  0.027769 -0.122565  0.621877 0.323964 0.211805 0.650472   0.122152 -0.0518214    0.69441 0.585
 0.319697  0.215698  0.650462 0.0275046 -0.122826  0.621669 0.323283 0.212432 0.650469  0.122162 -0.051679  0.694409 0.59
  0.31903  0.216314  0.650458 0.0272411 -0.123086  0.621461 0.322604 0.213057 0.650466   0.122148 -0.0515402   0.694412 0.595
 0.318364  0.216928  0.650454 0.0269784 -0.123346  0.621254 0.321926  0.21368 0.650463   0.122114 -0.0514049   0.694422 0.6
   0.3177   0.21754  0.650449 0.0267165 -0.123604  0.621048 0.321251 0.214301  0.65046    0.12206 -0.0512729   0.694435 0.605
 0.317039   0.21815  0.650445 0.0264555 -0.123862  0.620842 0.320578 0.214921 0.650457  0.121989 -0.051144  0.694453 0.61
  0.31638  0.218759   0.65044 0.0261953 -0.124119  0.620637 0.319907 0.215539 0.650453  0.121902 -0.051018  0.694475 0.615
 0.315722  0.219365  0.650436  0.025936 -0.124376  0.620433 0.319238 0.216154  0.65045     0.1218 -0.0508944   0.694501 0.62
 0.315067  0.219969  0.650432 0.0256775 -0.124631   0.62023 0.318571 0.216768 0.650447   0.121685 -0.0507731   0.694529 0.625
 0.314415  0.220572  0.650427 0.0254199 -0.124885  0.620027 0.317907  0.21738 0.650443   0.121559 -0.0506537   0.694561 0.63
 0.313764  0.221172  0.650423 0.0251632 -0.125139  0.619824 0.317244  0.21799  0.65044   0.121423 -0.0505359   0.694594 0.635
 0.313116   0.22177  0.650419 0.0249073 -0.125392  0.619623 0.316584 0.218598 0.650436   0.121277 -0.0504194   0.694631 0.64
  0.31247  0.222366  0.650414 0.0246524 -0.125644  0.619422 0.315926 0.219204 0.650432   0.121124 -0.0503039   0.694669 0.645
 0.311826   0.22296   0.65041 0.0243983 -0.125895  0.619222  0.31527 0.219809 0.650429   0.120963 -0.0501891   0.694709 0.65
 0.311184  0.223552  0.650406 0.0241451 -0.126145  0.619022 0.314616 0.220411 0.650425   0.120796 -0.0500748    0.69475 0.655
 0.310545  0.224142  0.650402 0.0238929 -0.126394  0.618824 0.313964 0.221011 0.650421   0.120624 -0.0499605   0.694793 0.66
 0.309908  0.224729  0.650397 0.0236415 -0.126642  0.618626 0.313315 0.221609 0.650417   0.120448 -0.0498462   0.694838 0.665
 0.309274  0.225315  0.650393 0.0233911  -0.12689  0.618428 0.312668 0.222205 0.650413   0.120267 -0.0497315   0.694883 0.67
 0.308642  0.225898  0.650389 0.0231416 -0.127136  0.618232 0.312023 0.222799 0.650409   0.120084 -0.0496163   0.694929 0.675
 0.308012  0.226479  0.650385 0.0228931 -0.127382  0.618036 0.311381 0.223391 0.650406   0.119898 -0.0495003   0.694976 0.68
 0.307384  0.227058  0.650381 0.0226455 -0.127626  0.617841 0.310741 0.223981 0.650402    0.11971 -0.0493833   0.695024 0.685
 0.306759  0.227634  0.650377 0.0223988  -0.12787  0.617646 0.310103 0.224569 0.650398   0.119521 -0.0492652   0.695073 0.69
 0.306137  0.228209  0.650372 0.0221531 -0.128113  0.617453 0.309468 0.225155 0.650394    0.11933 -0.0491458   0.695122 0.695
 0.305516  0.228781  0.650368 0.0219084 -0.128355   0.61726 0.308834 0.225738  0.65039  0.119139 -0.049025  0.695171 0.7
 0.304899  0.229351  0.650364 0.0216646 -0.128596  0.617068 0.308204 0.226319 0.650386   0.118947 -0.0489025   0.695221 0.705
 0.304284  0.229919   0.65036 0.0214218 -0.128835  0.616877 0.307575 0.226899 0.650382   0.118755 -0.0487784   0.695272 0.71
 0.303671  0.230484  0.650356   0.02118 -0.129074  0.616686  0.30695 0.227476 0.650378   0.118563 -0.0486526   0.695323 0.715
 0.303061  0.231047  0.650352 0.0209392 -0.129312  0.616497 0.306326  0.22805 0.650374   0.118372 -0.0485248   0.695374 0.72
 0.302453  0.231607  0.650348 0.0206994 -0.129549  0.616308 0.305705 0.228623  0.65037   0.118181 -0.0483952   0.695425 0.725
 0.301848  0.232166  0.650344 0.0204606 -0.129785   0.61612 0.305087 0.229193 0.650366   0.117991 -0.0482635   0.695477 0.73
 0.301245  0.232722   0.65034 0.0202228  -0.13002  0.615932 0.304471 0.229761 0.650362   0.117801 -0.0481298   0.695528 0.735
 0.300645  0.233275  0.650336 0.0199861 -0.130254  0.615746 0.303857 0.230327 0.650358  0.117612 -0.047994   0.69558 0.74
 0.300048  0.233826  0.650332 0.0197503 -0.130487   0.61556 0.303246  0.23089 0.650354   0.117425 -0.0478561   0.695632 0.745
 0.299453  0.234375  0.650328 0.0195156 -0.130719  0.615375 0.302637 0.231451 0.650351  0.117238 -0.047716  0.695685 0.75
0.298861 0.234921 0.650324 0.019282 -0.13095 0.615191 0.302032  0.23201 0.650347   0.117053 -0.0475738   0.695737 0.755
 0.298272  0.235465   0.65032 0.0190493 -0.131179  0.615008 0.301428 0.232566 0.650343   0.116869 -0.0474295    0.69579 0.76
 0.297685  0.236006  0.650316 0.0188178 -0.131408  0.614825 0.300827  0.23312 0.650339   0.116686 -0.0472829   0.695843 0.765
 0.297101  0.236545  0.650313 0.0185873 -0.131636  0.614644 0.300229 0.233672 0.650335   0.116504 -0.0471342   0.695895 0.77
 0.296519  0.237082  0.650309 0.0183578 -0.131863  0.614463 0.299634 0.234221 0.650331   0.116323 -0.0469834   0.695948 0.775
 0.295941  0.237616  0.650305 0.0181295 -0.132088  0.614283 0.299041 0.234768 0.650327   0.116144 -0.0468304   0.696001 0.78
 0.295365  0.238147  0.650301 0.0179022 -0.132313  0.614104 0.298451 0.235312 0.650324   0.115966 -0.0466753   0.696055 0.785
 0.294792  0.238676  0.650297  0.017676 -0.132536  0.613926 0.297863 0.235854  0.65032   0.115789 -0.0465182   0.696108 0.79
 0.294221  0.239202  0.650293 0.0174509 -0.132759  0.613748 0.297278 0.236394 0.650316  0.115614 -0.046359  0.696161 0.795
 0.293654  0.239726   0.65029 0.0172269  -0.13298  0.613572 0.296696 0.236931 0.650312   0.115439 -0.0461977   0.696215 0.8
 0.293089  0.240247  0.650286 0.0170041   -0.1332  0.613396 0.296116 0.237465 0.650308   0.115266 -0.0460345   0.696269 0.805
 0.292527  0.240765  0.650282 0.0167823 -0.133419  0.613222  0.29554 0.237997 0.650305   0.115094 -0.0458693   0.696322 0.81
 0.291968  0.241281  0.650278 0.0165617 -0.133637  0.613048 0.294966 0.238526 0.650301   0.114923 -0.0457022   0.696376 0.815
 0.291412  0.241794  0.650275 0.0163422 -0.133854  0.612875 0.294395 0.239053 0.650297   0.114754 -0.0455332    0.69643 0.82
 0.290858  0.242305  0.650271 0.0161238  -0.13407  0.612703 0.293826 0.239577 0.650293   0.114585 -0.0453624   0.696484 0.825
 0.290308  0.242812  0.650267 0.0159066 -0.134284  0.612532 0.293261 0.240099  0.65029   0.114418 -0.0451898   0.696538 0.83
  0.28976  0.243318  0.650264 0.0156905 -0.134498  0.612361 0.292698 0.240617 0.650286   0.114251 -0.0450155   0.696593 0.835
 0.289216   0.24382   0.65026 0.0154756  -0.13471  0.612192 0.292138 0.241134 0.650282   0.114086 -0.0448394   0.696647 0.84
 0.288674   0.24432  0.650257 0.0152619 -0.134921  0.612024 0.291581 0.241648 0.650279   0.113922 -0.0446617   0.696701 0.845
 0.288135  0.244817  0.650253 0.0150493 -0.135131  0.611856 0.291027 0.242159 0.650275   0.113759 -0.0444824   0.696756 0.85
   0.2876  0.245311  0.650249 0.0148379  -0.13534   0.61169 0.290476 0.242667 0.650271   0.113596 -0.0443015    0.69681 0.855
 0.287067  0.245802  0.650246 0.0146277 -0.135548  0.611524 0.289928 0.243173 0.650268   0.113435 -0.0441191   0.696865 0.86
 0.286537  0.246291  0.650242 0.0144187 -0.135754  0.611359 0.289382 0.243676 0.650264   0.113275 -0.0439353    0.69692 0.865
 0.286011  0.246777  0.650239 0.0142109  -0.13596  0.611196  0.28884 0.244176 0.650261 0.113115 -0.04375 0.696975 0.87
 0.285487   0.24726  0.650235 0.0140043 -0.136164  0.611033   0.2883 0.244673 0.650257   0.112957 -0.0435634   0.697029 0.875
 0.284967   0.24774  0.650232 0.0137989 -0.136367  0.610871 0.287764 0.245168 0.650253   0.112799 -0.0433755   0.697084 0.88
 0.284449  0.248217  0.650229 0.0135947 -0.136569   0.61071 0.28723 0.24566 0.65025   0.112642 -0.0431863   0.697139 0.885
 0.283935  0.248692  0.650225 0.0133918 -0.136769   0.61055   0.2867 0.246149 0.650246   0.112486 -0.0429959   0.697194 0.89
 0.283424  0.249163  0.650222 0.0131901 -0.136968  0.610392 0.286173 0.246636 0.650243   0.112331 -0.0428043   0.697249 0.895
 0.282916  0.249632  0.650218 0.0129896 -0.137166  0.610234 0.285648 0.247119  0.65024   0.112177 -0.0426116   0.697304 0.9
 0.282411  0.250098  0.650215 0.0127904 -0.137363  0.610077 0.285127   0.2476 0.650236   0.112024 -0.0424178   0.697359 0.905
  0.28191  0.250561  0.650212 0.0125924 -0.137559  0.609921 0.284609 0.248078 0.650233  0.111871 -0.042223  0.697415 0.91
 0.281411   0.25102  0.650208 0.0123957 -0.137753  0.609766 0.284094 0.248553 0.650229   0.111719 -0.0420272    0.69747 0.915
 0.280916  0.251477  0.650205 0.0122003 -0.137946  0.609612 0.283582 0.249025 0.650226   0.111569 -0.0418306   0.697525 0.92
 0.280424  0.251931  0.650202 0.0120062 -0.138138  0.609459 0.283073 0.249495 0.650222  0.111418 -0.041633   0.69758 0.925
 0.279935  0.252382  0.650199 0.0118133 -0.138329  0.609307 0.282567 0.249961 0.650219   0.111269 -0.0414346   0.697635 0.93
  0.27945   0.25283  0.650195 0.0116217 -0.138518  0.609156 0.282065 0.250424 0.650216   0.111121 -0.0412355    0.69769 0.935
 0.278968  0.253275  0.650192 0.0114314 -0.138706  0.609006 0.281566 0.250885 0.650212   0.110973 -0.0410356   0.697745 0.94
 0.278489  0.253717  0.650189 0.0112425 -0.138893  0.608857  0.28107 0.251342 0.650209   0.110826 -0.0408351     0.6978 0.945
 0.278013  0.254155  0.650186 0.0110548 -0.139078  0.608709 0.280577 0.251797 0.650206    0.11068 -0.0406339   0.697855 0.95
 0.277541  0.254591  0.650183 0.0108685 -0.139262  0.608563 0.280087 0.252248 0.650203   0.110534 -0.0404321    0.69791 0.955
 0.277072  0.255023   0.65018 0.0106834 -0.139445  0.608417 0.279601 0.252697 0.650199    0.11039 -0.0402298   0.697964 0.96
 0.276607  0.255453  0.650177 0.0104998 -0.139626  0.608272 0.279118 0.253142 0.650196   0.110246 -0.0400271   0.698019 0.965
 0.276145  0.255879  0.650173 0.0103174 -0.139806  0.608128 0.278638 0.253585 0.650193   0.110103 -0.0398238   0.698074 0.97
 0.275686  0.256302   0.65017 0.0101364 -0.139985  0.607986 0.278162 0.254024  0.65019    0.10996 -0.0396202   0.698128 0.975
  0.275231   0.256722   0.650167 0.00995677  -0.140163   0.607844 0.277689  0.25446 0.650187   0.109818 -0.0394163   0.698183 0.98
  0.274779   0.257139   0.650164 0.00977848  -0.140339   0.607704 0.277219 0.254894 0.650184   0.109678 -0.0392121   0.698237 0.985
  0.274331   0.257553   0.650161 0.00960156  -0.140514   0.607564 0.276753 0.255324  0.65018   0.109537 -0.0390076   0.698291 0.99
  0.273886   0.257963   0.650158 0.00942602  -0.140687   0.607426  0.27629 0.255751 0.650177   0.109398 -0.0388029   0.698345 0.995
  0.273444    0.25837   0.650156 0.00925185  -0.140859   0.607289  0.27583 0.256175 0.650174  0.109259 -0.038598  0.698399 1
  0.273007   0.258774   0.650153 0.00907907   -0.14103   0.607153 0.275374 0.256595 0.650171   0.109122 -0.0383931   0.698453 1
  0.272572   0.259175    0.65015 0.00890769  -0.141199   0.607018 0.274922 0.257013 0.650168  0.108984 -0.038188  0.698507 1
  0.272142   0.259572   0.650147 0.00873771  -0.141367   0.606884 0.274473 0.257427 0.650165  0.108848 -0.037983   0.69856 1
  0.271714   0.259966   0.650144 0.00856914  -0.141534   0.606751 0.274027 0.257838 0.650162  0.108713 -0.037778  0.698613 1
  0.271291   0.260357   0.650141 0.00840198  -0.141699   0.606619 0.273585 0.258246 0.650159   0.108578 -0.0375731   0.698666 1
  0.270871   0.260745   0.650138 0.00823625  -0.141863   0.606489 0.273146 0.258651 0.650156   0.108445 -0.0373684   0.698719 1
  0.270455   0.261129   0.650136 0.00807194  -0.142025   0.606359 0.272711 0.259052 0.650153   0.108312 -0.0371638   0.698772 1
  0.270042    0.26151   0.650133 0.00790908  -0.142186   0.606231 0.272279  0.25945 0.650151   0.108181 -0.0369595   0.698824 1
  0.269633   0.261887    0.65013 0.00774765  -0.142345   0.606104 0.271851 0.259845 0.650148    0.10805 -0.0367555   0.698876 1
  0.269227   0.262261   0.650128 0.00758768  -0.142503   0.605978 0.271427 0.260236 0.650145    0.10792 -0.0365518   0.698928 1
  0.268826   0.262632   0.650125 0.00742916   -0.14266   0.605853 0.271006 0.260625 0.650142   0.107792 -0.0363485    0.69898 1
 0.268428  0.262999  0.650122 0.0072721 -0.142815  0.605729 0.270589 0.261009 0.650139   0.107664 -0.0361457   0.699031 1
  0.268033   0.263362    0.65012 0.00711652  -0.142969   0.605607 0.270175 0.261391 0.650137   0.107537 -0.0359433   0.699082 1
  0.267643   0.263723   0.650117 0.00696242  -0.143121   0.605485 0.269765 0.261769 0.650134   0.107411 -0.0357414   0.699133 1
 0.267256   0.26408  0.650114 0.0068098 -0.143272  0.605365 0.269359 0.262144 0.650131   0.107286 -0.0355401   0.699183 1
  0.266873   0.264433   0.650112 0.00665867  -0.143421   0.605246 0.268956 0.262515 0.650128   0.107161 -0.0353393   0.699233 1
  0.266494   0.264783   0.650109 0.00650904  -0.143569   0.605128 0.268557 0.262883 0.650126   0.107038 -0.0351393   0.699283 1
  0.266119   0.265129   0.650107 0.00636092  -0.143715   0.605011 0.268162 0.263248 0.650123   0.106915 -0.0349399   0.699333 1
  0.265747   0.265472   0.650104 0.00621431   -0.14386   0.604896 0.267771 0.263609  0.65012   0.106794 -0.0347412   0.699382 1
   0.26538   0.265811   0.650102 0.00606921  -0.144004   0.604782 0.267383 0.263966 0.650118   0.106673 -0.0345433   0.699431 1
  0.265016   0.266147     0.6501 0.00592565  -0.144146   0.604668 0.266999  0.26432 0.650115   0.106553 -0.0343461    0.69948 1
  0.264656   0.266479   0.650097 0.00578362  -0.144286   0.604557 0.266619 0.264671 0.650113   0.106434 -0.0341499   0.699528 1
    0.2643   0.266807   0.650095 0.00564313  -0.144425   0.604446 0.266243 0.265018  0.65011   0.106316 -0.0339544   0.699576 1
  0.263948   0.267132   0.650093 0.00550419  -0.144562   0.604336  0.26587 0.265361 0.650108 0.106199 -0.03376 0.699624 1
   0.2636  0.267453   0.65009 0.0053668 -0.144698  0.604228 0.265502 0.265701 0.650105   0.106082 -0.0335664   0.699672 1
  0.263255   0.267771   0.650088 0.00523097  -0.144832   0.604121 0.265137 0.266038 0.650103   0.105967 -0.0333739   0.699719 1
  0.262915   0.268085   0.650086 0.00509671  -0.144964   0.604015 0.264776 0.266371   0.6501   0.105852 -0.0331824   0.699765 1
  0.262579   0.268395   0.650083 0.00496403  -0.145096   0.603911 0.264419   0.2667 0.650098  0.105738 -0.032992  0.699812 1
  0.262247   0.268701   0.650081 0.00483292  -0.145225   0.603808 0.264066 0.267026 0.650096   0.105625 -0.0328026   0.699858 1
  0.261919   0.269004   0.650079 0.00470341  -0.145353   0.603705 0.263717 0.267348 0.650093   0.105513 -0.0326144   0.699904 1
  0.261594   0.269303   0.650077 0.00457549  -0.145479   0.603605 0.263372 0.267666 0.650091   0.105402 -0.0324274   0.699949 1
  0.261274   0.269598   0.650075 0.00444918  -0.145604   0.603505  0.26303 0.267981 0.650089   0.105292 -0.0322417   0.699994 1
  0.260958    0.26989   0.650073 0.00432447  -0.145727   0.603407 0.262693 0.268292 0.650086   0.105183 -0.0320572   0.700038 1
  0.260646   0.270178   0.650071 0.00420139  -0.145849    0.60331  0.26236 0.268599 0.650084   0.105074 -0.0318739   0.700083 1
  0.260339   0.270462   0.650069 0.00407992  -0.145969   0.603214 0.262031 0.268903 0.650082   0.104967 -0.0316921   0.700127 1
  0.260035   0.270742   0.650067 0.00396009  -0.146087    0.60312 0.261706 0.269203  0.65008    0.10486 -0.0315115    0.70017 1
  0.259735   0.271018   0.650065 0.00384189  -0.146204   0.603027 0.261385 0.269499 0.650077   0.104755 -0.0313324   0.700213 1
   0.25944   0.271291   0.650063 0.00372534  -0.146319   0.602935 0.261068 0.269791 0.650075    0.10465 -0.0311548   0.700256 1
  0.259149   0.271559   0.650061 0.00361044  -0.146433   0.602844 0.260755  0.27008 0.650073   0.104546 -0.0309786   0.700298 1
 0.258862  0.271824  0.650059 0.0034972 -0.146545  0.602755 0.260446 0.270365 0.650071   0.104443 -0.0308039    0.70034 1
  0.258579   0.272085   0.650057 0.00338562  -0.146655   0.602667 0.260141 0.270646 0.650069   0.104341 -0.0306308   0.700381 1
  0.258301   0.272342   0.650055 0.00327572  -0.146764   0.602581 0.259841 0.270923 0.650067   0.104241 -0.0304593   0.700422 1
 0.258027  0.272595  0.650053 0.0031675 -0.146871  0.602495 0.259544 0.271196 0.650065   0.104141 -0.0302894   0.700463 1
  0.257757   0.272844   0.650051 0.00306096  -0.146976   0.602412 0.259252 0.271466 0.650063   0.104042 -0.0301212   0.700503 1
  0.257491   0.273089    0.65005 0.00295611  -0.147079   0.602329 0.258964 0.271731 0.650061   0.103944 -0.0299546   0.700543 1
  0.257229    0.27333   0.650048 0.00285297  -0.147181   0.602248  0.25868 0.271993 0.650059   0.103847 -0.0297898   0.700582 1
  0.256972   0.273567   0.650046 0.00275153  -0.147282   0.602168 0.258401 0.272251 0.650057   0.103751 -0.0296268   0.700621 1
  0.25672    0.2738  0.650045 0.0026518  -0.14738  0.602089 0.258126 0.272505 0.650055   0.103656 -0.0294655    0.70066 1
 0.256471   0.27403  0.650043 0.0025538 -0.147477  0.602012 0.257855 0.272755 0.650054   0.103562 -0.0293061   0.700698 1
  0.256227   0.274255   0.650041 0.00245752  -0.147572   0.601936 0.257588 0.273001 0.650052   0.103469 -0.0291485   0.700735 1
  0.255988   0.274476    0.65004 0.00236298  -0.147665   0.601862 0.257325 0.273243  0.65005   0.103377 -0.0289928   0.700772 1
  0.255753   0.274693   0.650038 0.00227018  -0.147757   0.601789 0.257067 0.273481 0.650048   0.103287 -0.0288391   0.700809 1
  0.255522   0.274905   0.650037 0.00217913  -0.147847   0.601717 0.256814 0.273715 0.650047   0.103197 -0.0286874   0.700845 1
  0.255296   0.275114   0.650035 0.00208984  -0.147935   0.601646 0.256564 0.273945 0.650045   0.103108 -0.0285376    0.70088 1
 0.255074  0.275319  0.650034 0.0020023 -0.148022  0.601577 0.256319 0.274171 0.650043   0.103021 -0.0283898   0.700916 1
  0.254857   0.275519   0.650032 0.00191654  -0.148106    0.60151 0.256078 0.274393 0.650042   0.102934 -0.0282442    0.70095 1
  0.254644   0.275716   0.650031 0.00183255  -0.148189   0.601444 0.255842 0.274611  0.65004   0.102849 -0.0281006   0.700985 1
  0.254435   0.275908   0.650029 0.00175035  -0.148271   0.601379  0.25561 0.274825 0.650038   0.102764 -0.0279591   0.701018 1
  0.254232   0.276096   0.650028 0.00166994   -0.14835   0.601316 0.255383 0.275034 0.650037   0.102681 -0.0278198   0.701051 1
  0.254032    0.27628   0.650027 0.00159132  -0.148428   0.601254  0.25516  0.27524 0.650035   0.102599 -0.0276827   0.701084 1
  0.253838   0.276459   0.650025 0.00151451  -0.148504   0.601193 0.254942 0.275441 0.650034   0.102518 -0.0275478   0.701116 1
 0.253648  0.276635  0.650024 0.0014395 -0.148578  0.601134 0.254728 0.275639 0.650032   0.102438 -0.0274152   0.701148 1
  0.253462   0.276806   0.650023 0.00136632   -0.14865   0.601076 0.254518 0.275832 0.650031    0.10236 -0.0272848   0.701179 1
  0.253281   0.276973   0.650022 0.00129496  -0.148721    0.60102 0.254314 0.276021  0.65003   0.102282 -0.0271567    0.70121 1
  0.253105   0.277135   0.650021 0.00122544  -0.148789   0.600965 0.254113 0.276206 0.650028  0.102206 -0.027031   0.70124 1
  0.252934   0.277293   0.650019 0.00115775  -0.148856   0.600912 0.253917 0.276386 0.650027   0.102131 -0.0269077    0.70127 1
  0.252767   0.277447   0.650018 0.00109191  -0.148921    0.60086 0.253726 0.276563 0.650026   0.102057 -0.0267867   0.701299 1
  0.252605   0.277597   0.650017 0.00102792  -0.148984    0.60081  0.25354 0.276735 0.650024   0.101984 -0.0266682   0.701327 1
   0.252447    0.277742    0.650016 0.000965788   -0.149046    0.600761 0.253358 0.276903 0.650023   0.101912 -0.0265521   0.701356 1
   0.252295    0.277883    0.650015 0.000905525   -0.149105    0.600713  0.25318 0.277066 0.650022   0.101842 -0.0264385   0.701383 1
   0.252147     0.27802    0.650014 0.000847135   -0.149163    0.600667 0.253008 0.277225 0.650021   0.101773 -0.0263273    0.70141 1
   0.252003    0.278152    0.650013 0.000790626   -0.149219    0.600623 0.25284 0.27738 0.65002   0.101705 -0.0262188   0.701436 1
   0.251865    0.278279    0.650012 0.000736004   -0.149273     0.60058 0.252677 0.277531 0.650019   0.101638 -0.0261128   0.701462 1
   0.251731    0.278403    0.650011 0.000683277   -0.149325    0.600538 0.252518 0.277677 0.650017   0.101573 -0.0260093   0.701488 1
   0.251603    0.278521    0.650011 0.000632451   -0.149375    0.600498 0.252364 0.277819 0.650016   0.101509 -0.0259085   0.701512 1
   0.251479    0.278636     0.65001 0.000583533   -0.149423     0.60046 0.252215 0.277957 0.650015   0.101446 -0.0258103   0.701537 1
   0.25136   0.278746   0.650009 0.00053653   -0.14947   0.600423 0.252071  0.27809 0.650014   0.101384 -0.0257148    0.70156 1
   0.251245    0.278851    0.650008 0.000491449   -0.149514    0.600387 0.251931 0.278218 0.650013  0.101324 -0.025622  0.701583 1
   0.251136    0.278952    0.650008 0.000448297   -0.149557    0.600353 0.251796 0.278343 0.650013   0.101265 -0.0255319   0.701606 1
   0.251032    0.279048    0.650007 0.000407081   -0.149598    0.600321 0.251666 0.278463 0.650012   0.101207 -0.0254445   0.701628 1
   0.250932     0.27914    0.650006 0.000367809   -0.149637     0.60029 0.251541 0.278578 0.650011    0.10115 -0.0253598   0.701649 1
   0.250837    0.279227    0.650006 0.000330485   -0.149673     0.60026 0.251421 0.278689  0.65001  0.101095 -0.025278   0.70167 1
   0.250748     0.27931    0.650005 0.000295119   -0.149708    0.600233 0.251305 0.278796 0.650009   0.101041 -0.0251989    0.70169 1
   0.250663    0.279388    0.650004 0.000261716   -0.149741    0.600206 0.251195 0.278898 0.650008   0.100989 -0.0251227    0.70171 1
   0.250584    0.279462    0.650004 0.000230284   -0.149772    0.600181 0.251089 0.278995 0.650008   0.100938 -0.0250493   0.701729 1
  0.250509    0.27953   0.650003 0.00020083  -0.149802   0.600158 0.250989 0.279088 0.650007   0.100888 -0.0249788   0.701747 1
  0.250439   0.279595   0.650003 0.00017336  -0.149829   0.600137 0.250893 0.279176 0.650006    0.10084 -0.0249112   0.701765 1
   0.250375    0.279654    0.650002 0.000147882   -0.149854    0.600117 0.250802  0.27926 0.650006   0.100793 -0.0248465   0.701783 1
   0.250315    0.279709    0.650002 0.000124402   -0.149877    0.600098 0.250716 0.279339 0.650005   0.100747 -0.0247847   0.701799 1
   0.250261    0.279759    0.650002 0.000102927   -0.149898    0.600081 0.250635 0.279414 0.650004   0.100703 -0.0247259   0.701815 1
   0.250212    0.279805    0.650001 8.34644e-05   -0.149918    0.600066 0.250559 0.279484 0.650004  0.10066 -0.02467 0.701831 1
   0.250167    0.279846    0.650001 6.60212e-05   -0.149935    0.600052 0.250489 0.279549 0.650003   0.100619 -0.0246171   0.701846 1
   0.250128    0.279882    0.650001 5.06042e-05    -0.14995     0.60004 0.250423  0.27961 0.650003   0.100579 -0.0245672    0.70186 1
   0.250094    0.279913    0.650001 3.72202e-05   -0.149963    0.600029 0.250362 0.279666 0.650003    0.10054 -0.0245204   0.701874 1
   0.250066     0.27994        0.65 2.58763e-05   -0.149974     0.60002 0.250306 0.279717 0.650002   0.100503 -0.0244766   0.701887 1
   0.250042    0.279961        0.65 1.65793e-05   -0.149984    0.600013 0.250256 0.279764 0.650002   0.100467 -0.0244358   0.701899 1
   0.250024    0.279978        0.65 9.33628e-06   -0.149991    0.600007  0.25021 0.279806 0.650002   0.100433 -0.0243981   0.701911 1
   0.250011     0.27999        0.65 4.15408e-06   -0.149996    0.600003  0.25017 0.279843 0.650001     0.1004 -0.0243635   0.701922 1
   0.250003    0.279998        0.65 1.03968e-06   -0.149999    0.600001 0.250135 0.279875 0.650001  0.100369 -0.024332  0.701933 1
        0.25         0.28         0.65 -1.11022e-16        -0.15          0.6 0.250105 0.279903 0.650001   0.100339 -0.0243036   0.701943 1
 0.25  0.28  0.65     0 -0.15   0.6  0.25008 0.279926 0.650001   0.100311 -0.0242784   0.701952 1
 0.25  0.28  0.65     0 -0.15   0.6 0.250061 0.279944     0.65   0.100284 -0.0242563   0.701961 1
 0.25  0.28  0.65     0 -0.15   0.6 0.250045 0.279958     0.65  0.100258 -0.024237  0.701969 1
 0.25  0.28  0.65     0 -0.15   0.6 0.250033 0.279969     0.65   0.100234 -0.0242202   0.701976 1
 0.25  0.28  0.65     0 -0.15   0.6 0.250024 0.279978     0.65   0.100212 -0.0242056   0.701983 1
 0.25  0.28  0.65     0 -0.15   0.6 0.250016 0.279985     0.65   0.100191 -0.0241929    0.70199 1
 0.25  0.28  0.65     0 -0.15   0.6 0.250011  0.27999     0.65  0.100171 -0.024182  0.701995 1
 0.25  0.28  0.65     0 -0.15   0.6 0.250006 0.279994     0.65   0.100153 -0.0241726   0.702001 1
 0.25  0.28  0.65     0 -0.15   0.6 0.250003 0.279997     0.65   0.100136 -0.0241644   0.702006 1
 0.25  0.28  0.65     0 -0.15   0.6 0.250001 0.279999     0.65   0.100121 -0.0241574    0.70201 1
 0.25  0.28  0.65     0 -0.15   0.6 0.249999 0.280001     0.65   0.100107 -0.0241513   0.702014 1
 0.25  0.28  0.65     0 -0.15   0.6 0.249997 0.280002     0.65   0.100095 -0.0241461   0.702018 1
 0.25  0.28  0.65     0 -0.15   0.6 0.249997 0.280003     0.65   0.100083 -0.0241416   0.702021 1
 0.25  0.28  0.65     0 -0.15   0.6 0.249996 0.280004     0.65   0.100073 -0.0241377   0.702024 1
 0.25  0.28  0.65     0 -0.15   0.6 0.249996 0.280004     0.65   0.100063 -0.0241344   0.702026 1
 0.25  0.28  0.65     0 -0.15   0.6 0.249995 0.280004     0.65   0.100055 -0.0241315   0.702029 1
 0.25  0.28  0.65     0 -0.15   0.6 0.249995 0.280004     0.65  0.100047 -0.024129  0.702031 1
 0.25  0.28  0.65     0 -0.15   0.6 0.249995 0.280004     0.65   0.100041 -0.0241268   0.702032 1
 0.25  0.28  0.65     0 -0.15   0.6 0.249996 0.280004     0.65  0.100035 -0.024125  0.702034 1
 0.25  0.28  0.65     0 -0.15   0.6 0.249996 0.280004     0.65   0.100029 -0.0241234   0.702035 1
 0.25  0.28  0.65     0 -0.15   0.6 0.249996 0.280004     0.65  0.100025 -0.024122  0.702037 1
 0.25  0.28  0.65     0 -0.15   0.6 0.249996 0.280003     0.65    0.10002 -0.0241208   0.702038 1
 0.25  0.28  0.65     0 -0.15   0.6 0.249996 0.280003     0.65   0.100017 -0.0241198   0.702039 1
 0.25  0.28  0.65     0 -0.15   0.6 0.249997 0.280003     0.65   0.100013 -0.0241189    0.70204 1
 0.25  0.28  0.65     0 -0.15   0.6 0.249997 0.280003     0.65    0.10001 -0.0241182   0.702041 1
 0.25  0.28  0.65     0 -0.15   0.6 0.249997 0.280003     0.65   0.100008 -0.0241175   0.702041 1
 0.25  0.28  0.65     0 -0.15   0.6 0.249997 0.280002     0.65  0.100005 -0.024117  0.702042 1
 0.25  0.28  0.65     0 -0.15   0.6 0.249998 0.280002     0.65   0.100003 -0.0241165   0.702042 1
 0.25  0.28  0.65     0 -0.15   0.6 0.249998 0.280002     0.65   0.100002 -0.0241161   0.702043 1
 0.25  0.28  0.65     0 -0.15   0.6 0.249998 0.280002     0.65        0.1 -0.0241157   0.702043 1
 0.25  0.28  0.65     0 -0.15   0.6 0.249998 0.280002     0.65  0.0999986 -0.0241154   0.702044 1
 0.25  0.28  0.65     0 -0.15   0.6 0.249998 0.280002     0.65  0.0999974 -0.0241152   0.702044 1
 0.25  0.28  0.65     0 -0.15   0.6 0.249998 0.280001     0.65  0.0999963 -0.0241149   0.702044 1
 0.25  0.28  0.65     0 -0.15   0.6 0.249999 0.280001     0.65  0.0999954 -0.0241148   0.702045 1
 0.25  0.28  0.65     0 -0.15   0.6 0.249999 0.280001     0.65  0.0999945 -0.0241146   0.702045 1
 0.25  0.28  0.65     0 -0.15   0.6 0.249999 0.280001     0.65  0.0999938 -0.0241145   0.702045 1
 0.25  0.28  0.65     0 -0.15   0.6 0.249999 0.280001     0.65  0.0999932 -0.0241143   0.702045 1
 0.25  0.28  0.65     0 -0.15   0.6 0.249999 0.280001     0.65  0.0999926 -0.0241142   0.702045 1
 0.25  0.28  0.65     0 -0.15   0.6 0.249999 0.280001     0.65  0.0999921 -0.0241142   0.702045 1
 0.25  0.28  0.65     0 -0.15   0.6 0.249999 0.280001     0.65  0.0999917 -0.0241141   0.702045 1
 0.25  0.28  0.65     0 -0.15   0.6 0.249999 0.280001     0.65 0.0999913 -0.024114  0.702046 1
 0.25  0.28  0.65     0 -0.15   0.6 0.249999 0.280001     0.65  0.099991 -0.024114  0.702046 1
 0.25  0.28  0.65     0 -0.15   0.6 0.249999 0.280001     0.65  0.0999907 -0.0241139   0.702046 1
 0.25  0.28  0.65     0 -0.15   0.6 0.249999     0.28     0.65  0.0999905 -0.0241139   0.702046 1
 0.25  0.28  0.65     0 -0.15   0.6 0.25 0.28 0.65  0.0999902 -0.0241138   0.702046 1
 0.25  0.28  0.65     0 -0.15   0.6 0.25 0.28 0.65  0.0999901 -0.0241138   0.702046 1
 0.25  0.28  0.65     0 -0.15   0.6 0.25 0.28 0.65  0.0999899 -0.0241138   0.702046 1
 0.25  0.28  0.65     0 -0.15   0.6 0.25 0.28 0.65  0.0999898 -0.0241138   0.702046 1
 0.25  0.28  0.65     0 -0.15   0.6 0.25 0.28 0.65  0.0999896 -0.0241138   0.702046 1
 0.25  0.28  0.65     0 -0.15   0.6 0.25 0.28 0.65  0.0999895 -0.0241138   0.702046 1
 0.25  0.28  0.65     0 -0.15   0.6 0.25 0.28 0.65  0.0999894 -0.0241137   0.702046 1
 0.25  0.28  0.65     0 -0.15   0.6 0.25 0.28 0.65  0.0999893 -0.0241138   0.702046 1
 0.25  0.28  0.65     0 -0.15   0.6 0.25 0.28 0.65  0.0999893 -0.0241137   0.702046 1
 0.25  0.28  0.65     0 -0.15   0.6 0.25 0.28 0.65  0.0999892 -0.0241137   0.702046 1
 0.25  0.28  0.65     0 -0.15   0.6 0.25 0.28 0.65  0.0999892 -0.0241137   0.702046 1
 0.25  0.28  0.65     0 -0.15   0.6 0.25 0.28 0.65  0.0999891 -0.0241137   0.702046 1
 0.25  0.28  0.65     0 -0.15   0.6 0.25 0.28 0.65  0.0999891 -0.0241137   0.702046 1
 0.25  0.28  0.65     0 -0.15   0.6 0.25 0.28 0.65  0.0999891 -0.0241137   0.702046 1
 0.25  0.28  0.65     0 -0.15   0.6 0.25 0.28 0.65   0.099989 -0.0241137   0.702046 1
 0.25  0.28  0.65     0 -0.15   0.6 0.25 0.28 0.65   0.099989 -0.0241137   0.702046 1
 0.25  0.28  0.65     0 -0.15   0.6 0.25 0.28 0.65   0.099989 -0.0241137   0.702046 1
 0.25  0.28  0.65     0 -0.15   0.6 0.25 0.28 0.65   0.099989 -0.0241137   0.702046 1
 0.25  0.28  0.65     0 -0.15   0.6 0.25 0.28 0.65  0.0999889 -0.0241137   0.702046 1
 0.25  0.28  0.65     0 -0.15   0.6 0.25 0.28 0.65  0.0999889 -0.0241137   0.702046 1
 0.25  0.28  0.65     0 -0.15   0.6 0.25 0.28 0.65  0.0999889 -0.0241137   0.702046 1
 0.25  0.28  0.65     0 -0.15   0.6 0.25 0.28 0.65  0.0999889 -0.0241137   0.702046 1
 0.25  0.28  0.65     0 -0.15   0.6 0.25 0.28 0.65  0.0999889 -0.0241137   0.702046 1
 0.25  0.28  0.65     0 -0.15   0.6 0.25 0.28 0.65  0.0999889 -0.0241137   0.702046 1
 0.25  0.28  0.65     0 -0.15   0.6 0.25 0.28 0.65  0.0999889 -0.0241137   0.702046 1
 0.25  0.28  0.65     0 -0.15   0.6 0.25 0.28 0.65  0.0999889 -0.0241137   0.702046 1
 0.25  0.28  0.65     0 -0.15   0.6 0.25 0.28 0.65  0.0999889 -0.0241137   0.702046 1
 0.25  0.28  0.65     0 -0.15   0.6 0.25 0.28 0.65  0.0999889 -0.0241137   0.702046 1
 0.25  0.28  0.65     0 -0.15   0.6 0.25 0.28 0.65  0.0999889 -0.0241137   0.702046 1
 0.25  0.28  0.65     0 -0.15   0.6 0.25 0.28 0.65  0.0999889 -0.0241137   0.702046 1
 0.25  0.28  0.65     0 -0.15   0.6 0.25 0.28 0.65  0.0999889 -0.0241137   0.702046 1
 0.25  0.28  0.65     0 -0.15   0.6 0.25 0.28 0.65  0.0999889 -0.0241137   0.702046 1
 0.25  0.28  0.65     0 -0.15   0.6 0.25 0.28 0.65  0.0999889 -0.0241137   0.702046 1
 0.25  0.28  0.65     0 -0.15   0.6 0.25 0.28 0.65  0.0999889 -0.0241137   0.702046 1
 0.25  0.28  0.65     0 -0.15   0.6 0.25 0.28 0.65  0.0999889 -0.0241137   0.702046 1
 0.25  0.28  0.65     0 -0.15   0.6 0.25 0.28 0.65  0.0999889 -0.0241137   0.702046 1
 0.25  0.28  0.65     0 -0.15   0.6 0.25 0.28 0.65  0.0999889 -0.0241137   0.702046 1
 0.25  0.28  0.65     0 -0.15   0.6 0.25 0.28 0.65  0.0999889 -0.0241137   0.702046 1
 0.25  0.28  0.65     0 -0.15   0.6 0.25 0.28 0.65  0.0999889 -0.0241137   0.702046 1
 0.25  0.28  0.65     0 -0.15   0.6 0.25 0.28 0.65  0.0999889 -0.0241137   0.702046 1
 0.25  0.28  0.65     0 -0.15   0.6 0.25 0.28 0.65  0.0999889 -0.0241137   0.702046 1
 0.25  0.28  0.65     0 -0.15   0.6 0.25 0.28 0.65  0.0999889 -0.0241137   0.702046 1
 0.25  0.28  0.65     0 -0.15   0.6 0.25 0.28 0.65  0.0999889 -0.0241137   0.702046 1
 0.25  0.28  0.65     0 -0.15   0.6 0.25 0.28 0.65  0.0999889 -0.0241137   0.702046 1
 0.25  0.28  0.65     0 -0.15   0.6 0.25 0.28 0.65  0.0999889 -0.0241137   0.702046 1
 0.25  0.28  0.65     0 -0.15   0.6 0.25 0.28 0.65  0.0999889 -0.0241137   0.702046 1
 0.25  0.28  0.65     0 -0.15   0.6 0.25 0.28 0.65  0.0999889 -0.0241137   0.702046 1
 0.25  0.28  0.65     0 -0.15   0.6 0.25 0.28 0.65  0.0999889 -0.0241137   0.702046 1
 0.25  0.28  0.65     0 -0.15   0.6 0.25 0.28 0.65  0.0999889 -0.0241137   0.702046 1
 0.25  0.28  0.65     0 -0.15   0.6 0.25 0.28 0.65  0.0999889 -0.0241137   0.702046 1
 0.25  0.28  0.65     0 -0.15   0.6 0.25 0.28 0.65  0.0999889 -0.0241137   0.702046 1
 0.25  0.28  0.65     0 -0.15   0.6 0.25 0.28 0.65  0.0999889 -0.0241137   0.702046 1
 0.25  0.28  0.65     0 -0.15   0.6 0.25 0.28 0.65  0.0999889 -0.0241137   0.702046 1
 0.25  0.28  0.65     0 -0.15   0.6 0.25 0.28 0.65  0.0999889 -0.0241137   0.702046 1
 0.25  0.28  0.65     0 -0.15   0.6 0.25 0.28 0.65  0.0999889 -0.0241137   0.702046 1
