-0.525405 -0.525405
-0.525405 -0.525392
-0.525406 -0.52538
-0.525406 -0.525368
-0.525408 -0.525357
-0.525409 -0.525345
-0.525411 -0.525334
-0.525413 -0.525322
-0.525416 -0.525312
-0.525419 -0.525303
-0.525422 -0.525294
-0.525426 -0.525285
-0.52543 -0.525276
-0.525434 -0.525267
-0.525439 -0.525259
-0.525444 -0.525251
-0.525449 -0.525245
-0.525455 -0.525238
-0.525461 -0.525231
-0.525467 -0.525224
-0.525474 -0.525218
-0.525481 -0.525213
-0.525489 -0.525209
-0.525496 -0.525205
-0.525505 -0.5252
-0.525513 -0.525196
-0.525522 -0.525193
-0.525531 -0.52519
-0.52554 -0.525188
-0.52555 -0.525187
-0.52556 -0.525185
-0.525571 -0.525183
-0.525582 -0.525182
-0.525593 -0.525182
-0.525604 -0.525183
-0.525616 -0.525184
-0.525629 -0.525184
-0.525641 -0.525185
-0.525654 -0.525187
-0.525667 -0.525189
-0.525681 -0.525192
-0.525695 -0.525196
-0.525709 -0.525199
-0.525723 -0.525203
-0.525738 -0.525207
-0.525754 -0.525212
-0.525769 -0.525218
-0.525785 -0.525224
-0.525801 -0.52523
-0.525818 -0.525237
-0.525835 -0.525243
-0.525852 -0.525251
-0.52587 -0.525259
-0.525888 -0.525268
-0.525906 -0.525278
-0.525925 -0.525286
-0.525944 -0.525296
-0.525963 -0.525306
-0.525982 -0.525317
-0.526002 -0.525329
-0.526023 -0.52534
-0.526043 -0.525352
-0.526064 -0.525363
-0.526086 -0.525376
-0.526107 -0.52539
-0.526129 -0.525404
-0.526151 -0.525419
-0.526174 -0.525433
-0.526197 -0.525447
-0.52622 -0.525462
-0.526244 -0.525478
-0.526268 -0.525495
-0.526292 -0.525512
-0.526317 -0.525529
-0.526342 -0.525546
-0.526367 -0.525564
-0.526393 -0.525582
-0.526419 -0.525601
-0.526445 -0.525621
-0.526471 -0.52564
-0.526498 -0.525659
-0.526526 -0.525679
-0.526553 -0.5257
-0.526581 -0.525722
-0.526609 -0.525743
-0.526638 -0.525765
-0.526667 -0.525787
-0.526696 -0.525809
-0.526726 -0.525832
-0.526755 -0.525856
-0.526786 -0.525879
-0.526816 -0.525903
-0.526847 -0.525927
-0.526878 -0.525951
-0.52691 -0.525977
-0.526942 -0.526002
-0.526974 -0.526029
-0.527006 -0.526055
-0.527039 -0.526081
-0.527072 -0.526107
-0.527106 -0.526134
-0.527139 -0.526162
-0.527173 -0.52619
-0.527208 -0.526218
-0.527243 -0.526246
-0.527278 -0.526273
-0.527313 -0.526302
-0.527349 -0.526332
-0.527385 -0.526362
-0.527421 -0.526392
-0.527458 -0.526422
-0.527495 -0.526452
-0.527532 -0.526482
-0.52757 -0.526514
-0.527608 -0.526545
-0.527646 -0.526577
-0.527685 -0.526609
-0.527724 -0.52664
-0.527763 -0.526672
-0.527803 -0.526705
-0.527843 -0.526739
-0.527883 -0.526772
-0.527924 -0.526806
-0.527964 -0.526839
-0.528006 -0.526873
-0.528047 -0.526907
-0.528089 -0.526942
-0.528131 -0.526978
-0.528174 -0.527012
-0.528216 -0.527047
-0.528259 -0.527082
-0.528303 -0.527118
-0.528347 -0.527155
-0.528391 -0.527192
-0.528435 -0.527228
-0.52848 -0.527264
-0.528525 -0.5273
-0.52857 -0.527338
-0.528616 -0.527376
-0.528662 -0.527414
-0.528708 -0.527452
-0.528755 -0.52749
-0.528801 -0.527528
-0.528849 -0.527566
-0.528896 -0.527606
-0.528944 -0.527646
-0.528992 -0.527685
-0.529041 -0.527724
-0.529089 -0.527763
-0.529139 -0.527803
-0.529188 -0.527844
-0.529238 -0.527885
-0.529288 -0.527926
-0.529338 -0.527966
-0.529389 -0.528007
-0.52944 -0.528048
-0.529491 -0.52809
-0.529543 -0.528132
-0.529594 -0.528175
-0.529647 -0.528217
-0.529699 -0.528258
-0.529752 -0.528301
-0.529805 -0.528344
-0.529859 -0.528388
-0.529912 -0.528431
-0.529967 -0.528474
-0.530021 -0.528518
-0.530076 -0.528562
-0.530131 -0.528606
-0.530186 -0.528651
-0.530242 -0.528697
-0.530298 -0.528741
-0.530354 -0.528786
-0.53041 -0.528831
-0.530467 -0.528876
-0.530524 -0.528923
-0.530582 -0.528969
-0.53064 -0.529015
-0.530698 -0.529061
-0.530756 -0.529108
-0.530815 -0.529155
-0.530874 -0.529202
-0.530933 -0.52925
-0.530993 -0.529297
-0.531053 -0.529345
-0.531113 -0.529393
-0.531174 -0.529441
-0.531234 -0.52949
-0.531296 -0.529539
-0.531357 -0.529588
-0.531419 -0.529637
-0.531481 -0.529686
-0.531543 -0.529736
-0.531606 -0.529786
-0.531669 -0.529837
-0.531732 -0.529887
-0.531796 -0.529937
-0.53186 -0.529988
-0.531924 -0.530039
-0.531988 -0.530091
-0.532053 -0.530143
-0.532118 -0.530195
-0.532183 -0.530247
-0.532249 -0.530299
-0.532315 -0.530351
-0.532381 -0.530405
-0.532448 -0.530458
-0.532515 -0.530511
-0.532582 -0.530565
-0.53265 -0.530618
-0.532717 -0.530672
-0.532785 -0.530727
-0.532854 -0.530782
-0.532922 -0.530837
-0.532991 -0.530892
-0.533061 -0.530947
-0.53313 -0.531003
-0.5332 -0.531059
-0.53327 -0.531116
-0.533341 -0.531172
-0.533412 -0.531229
-0.533483 -0.531285
-0.533554 -0.531342
-0.533626 -0.5314
-0.533698 -0.531459
-0.53377 -0.531517
-0.533842 -0.531575
-0.533915 -0.531633
-0.533988 -0.531692
-0.534062 -0.531751
-0.534136 -0.531811
-0.53421 -0.531871
-0.534284 -0.531931
-0.534359 -0.531991
-0.534433 -0.532051
-0.534509 -0.532112
-0.534584 -0.532174
-0.53466 -0.532235
-0.534736 -0.532297
-0.534812 -0.532358
-0.534889 -0.53242
-0.534966 -0.532483
-0.535043 -0.532546
-0.535121 -0.532609
-0.535199 -0.532672
-0.535277 -0.532736
-0.535355 -0.532799
-0.535434 -0.532864
-0.535513 -0.532928
-0.535592 -0.532994
-0.535672 -0.533059
-0.535752 -0.533123
-0.535832 -0.533189
-0.535912 -0.533255
-0.535993 -0.533321
-0.536074 -0.533389
-0.536155 -0.533455
-0.536237 -0.533522
-0.536319 -0.533589
-0.536401 -0.533656
-0.536483 -0.533725
-0.536566 -0.533794
-0.536649 -0.533863
-0.536732 -0.533931
-0.536816 -0.533999
-0.5369 -0.534069
-0.536984 -0.534139
-0.537069 -0.534209
-0.537153 -0.53428
-0.537238 -0.53435
-0.537324 -0.53442
-0.537409 -0.534492
-0.537495 -0.534563
-0.537581 -0.534636
-0.537668 -0.534708
-0.537755 -0.53478
-0.537842 -0.534852
-0.537929 -0.534925
-0.538017 -0.534998
-0.538104 -0.535073
-0.538193 -0.535147
-0.538281 -0.535221
-0.53837 -0.535295
-0.538459 -0.535369
-0.538548 -0.535444
-0.538638 -0.53552
-0.538728 -0.535596
-0.538818 -0.535672
-0.538908 -0.535748
-0.538999 -0.535824
-0.53909 -0.535901
-0.539181 -0.535978
-0.539273 -0.536056
-0.539364 -0.536133
-0.539457 -0.536211
-0.539549 -0.536289
-0.539642 -0.536368
-0.539735 -0.536447
-0.539828 -0.536526
-0.539921 -0.536606
-0.540015 -0.536685
-0.540109 -0.536765
-0.540204 -0.536845
-0.540298 -0.536926
-0.540393 -0.537007
-0.540488 -0.537089
-0.540584 -0.53717
-0.540679 -0.537251
-0.540775 -0.537333
-0.540872 -0.537416
-0.540968 -0.537499
-0.541065 -0.537582
-0.541162 -0.537665
-0.54126 -0.537748
-0.541357 -0.537831
-0.541455 -0.537916
-0.541553 -0.538001
-0.541652 -0.538086
-0.541751 -0.53817
-0.54185 -0.538255
-0.541949 -0.538341
-0.542049 -0.538427
-0.542148 -0.538514
-0.542248 -0.5386
-0.542349 -0.538687
-0.54245 -0.538773
-0.54255 -0.53886
-0.542652 -0.538948
-0.542753 -0.539036
-0.542855 -0.539124
-0.542957 -0.539213
-0.543059 -0.539301
-0.543162 -0.53939
-0.543265 -0.539479
-0.543368 -0.539569
-0.543471 -0.53966
-0.543575 -0.53975
-0.543679 -0.53984
-0.543783 -0.53993
-0.543887 -0.540021
-0.543992 -0.540113
-0.544097 -0.540205
-0.544202 -0.540297
-0.544308 -0.540389
-0.544414 -0.54048
-0.54452 -0.540573
-0.544626 -0.540667
-0.544733 -0.54076
-0.54484 -0.540854
-0.544947 -0.540947
-0.545054 -0.541041
-0.545162 -0.541135
-0.54527 -0.54123
-0.545378 -0.541326
-0.545487 -0.541421
-0.545595 -0.541516
-0.545704 -0.541611
-0.545814 -0.541708
-0.545923 -0.541804
-0.546033 -0.541901
-0.546143 -0.541998
-0.546253 -0.542095
-0.546364 -0.542192
-0.546475 -0.54229
-0.546586 -0.542388
-0.546697 -0.542488
-0.546809 -0.542586
-0.546921 -0.542685
-0.547033 -0.542783
-0.547146 -0.542883
-0.547258 -0.542983
-0.547371 -0.543084
-0.547484 -0.543184
-0.547598 -0.543284
-0.547712 -0.543385
-0.547826 -0.543486
-0.54794 -0.543587
-0.548055 -0.54369
-0.548169 -0.543792
-0.548284 -0.543894
-0.5484 -0.543996
-0.548515 -0.544099
-0.548631 -0.544202
-0.548747 -0.544306
-0.548864 -0.54441
-0.54898 -0.544514
-0.549097 -0.544618
-0.549214 -0.544722
-0.549332 -0.544827
-0.549449 -0.544932
-0.549567 -0.545038
-0.549685 -0.545144
-0.549804 -0.545249
-0.549922 -0.545355
-0.550041 -0.545462
-0.55016 -0.545568
-0.55028 -0.545676
-0.5504 -0.545784
-0.55052 -0.54589
-0.55064 -0.545998
-0.55076 -0.546106
-0.550881 -0.546215
-0.551002 -0.546324
-0.551123 -0.546433
-0.551245 -0.546542
-0.551366 -0.546651
-0.551488 -0.546761
-0.551611 -0.546871
-0.551733 -0.546982
-0.551856 -0.547093
-0.551979 -0.547203
-0.552102 -0.547314
-0.552226 -0.547426
-0.552349 -0.547538
-0.552473 -0.54765
-0.552598 -0.547762
-0.552722 -0.547875
-0.552847 -0.547987
-0.552972 -0.5481
-0.553097 -0.548214
-0.553223 -0.548328
-0.553349 -0.548443
-0.553475 -0.548557
-0.553601 -0.548671
-0.553727 -0.548786
-0.553854 -0.548901
-0.553981 -0.549017
-0.554108 -0.549133
-0.554236 -0.549249
-0.554364 -0.549365
-0.554492 -0.549481
-0.55462 -0.549598
-0.554748 -0.549716
-0.554877 -0.549834
-0.555006 -0.549951
-0.555135 -0.550068
-0.555265 -0.550187
-0.555395 -0.550305
-0.555525 -0.550425
-0.555655 -0.550544
-0.555785 -0.550663
-0.555916 -0.550783
-0.556047 -0.550902
-0.556178 -0.551023
-0.55631 -0.551144
-0.556442 -0.551265
-0.556574 -0.551386
-0.556706 -0.551507
-0.556838 -0.551629
-0.556971 -0.55175
-0.557104 -0.551873
-0.557237 -0.551996
-0.55737 -0.552119
-0.557504 -0.552241
-0.557638 -0.552364
-0.557772 -0.552488
-0.557907 -0.552612
-0.558041 -0.552737
-0.558176 -0.552862
-0.558311 -0.552986
-0.558447 -0.553111
-0.558582 -0.553236
-0.558718 -0.553362
-0.558854 -0.553488
-0.55899 -0.553615
-0.559127 -0.553741
-0.559264 -0.553867
-0.559401 -0.553994
-0.559538 -0.554122
-0.559676 -0.55425
-0.559813 -0.554378
-0.559951 -0.554506
-0.56009 -0.554634
-0.560228 -0.554763
-0.560367 -0.554892
-0.560506 -0.555022
-0.560645 -0.555152
-0.560784 -0.555282
-0.560924 -0.555411
-0.561064 -0.555542
-0.561204 -0.555673
-0.561344 -0.555804
-0.561485 -0.555936
-0.561626 -0.556067
-0.561767 -0.556199
-0.561908 -0.556331
-0.56205 -0.556464
-0.562192 -0.556597
-0.562334 -0.556731
-0.562476 -0.556864
-0.562618 -0.556997
-0.562761 -0.557131
-0.562904 -0.557265
-0.563047 -0.5574
-0.563191 -0.557535
-0.563334 -0.55767
-0.563478 -0.557805
-0.563622 -0.55794
-0.563767 -0.558076
-0.563911 -0.558213
-0.564056 -0.55835
-0.564201 -0.558486
-0.564347 -0.558624
-0.564492 -0.558761
-0.564638 -0.558898
-0.564784 -0.559037
-0.56493 -0.559175
-0.565077 -0.559314
-0.565223 -0.559453
-0.56537 -0.559591
-0.565517 -0.559731
-0.565665 -0.559871
-0.565812 -0.560011
-0.56596 -0.560152
-0.566108 -0.560292
-0.566256 -0.560432
-0.566405 -0.560573
-0.566554 -0.560715
-0.566703 -0.560857
-0.566852 -0.560999
-0.567001 -0.561141
-0.567151 -0.561283
-0.567301 -0.561426
-0.567451 -0.561569
-0.567601 -0.561713
-0.567752 -0.561856
-0.567902 -0.562
-0.568053 -0.562144
-0.568205 -0.562288
-0.568356 -0.562433
-0.568508 -0.562579
-0.56866 -0.562724
-0.568812 -0.56287
-0.568964 -0.563015
-0.569117 -0.563161
-0.56927 -0.563307
-0.569423 -0.563455
-0.569576 -0.563602
-0.569729 -0.563749
-0.569883 -0.563896
-0.570037 -0.564044
-0.570191 -0.564192
-0.570345 -0.564341
-0.5705 -0.56449
-0.570655 -0.564639
-0.57081 -0.564788
-0.570965 -0.564937
-0.571121 -0.565087
-0.571276 -0.565238
-0.571432 -0.565388
-0.571588 -0.565538
-0.571745 -0.565689
-0.571901 -0.56584
-0.572058 -0.565991
-0.572215 -0.566144
-0.572372 -0.566296
-0.57253 -0.566448
-0.572688 -0.5666
-0.572845 -0.566753
-0.573004 -0.566906
-0.573162 -0.56706
-0.57332 -0.567214
-0.573479 -0.567368
-0.573638 -0.567522
-0.573797 -0.567676
-0.573957 -0.567831
-0.574116 -0.567986
-0.574276 -0.568142
-0.574436 -0.568298
-0.574597 -0.568454
-0.574757 -0.568609
-0.574918 -0.568766
-0.575079 -0.568923
-0.57524 -0.56908
-0.575401 -0.569238
-0.575563 -0.569396
-0.575725 -0.569553
-0.575887 -0.569711
-0.576049 -0.56987
-0.576211 -0.570029
-0.576374 -0.570188
-0.576537 -0.570347
-0.5767 -0.570506
-0.576863 -0.570666
-0.577027 -0.570826
-0.57719 -0.570987
-0.577354 -0.571148
-0.577518 -0.571309
-0.577683 -0.571469
-0.577847 -0.57163
-0.578012 -0.571792
-0.578177 -0.571955
-0.578342 -0.572117
-0.578508 -0.572279
-0.578673 -0.572442
-0.578839 -0.572605
-0.579005 -0.572769
-0.579171 -0.572933
-0.579338 -0.573097
-0.579504 -0.573261
-0.579671 -0.573425
-0.579838 -0.57359
-0.580006 -0.573755
-0.580173 -0.57392
-0.580341 -0.574086
-0.580509 -0.574252
-0.580677 -0.574418
-0.580845 -0.574584
-0.581014 -0.57475
-0.581183 -0.574918
-0.581351 -0.575085
-0.581521 -0.575253
-0.58169 -0.57542
-0.58186 -0.575588
-0.582029 -0.575756
-0.582199 -0.575925
-0.582369 -0.576094
-0.58254 -0.576263
-0.58271 -0.576432
-0.582881 -0.576602
-0.583052 -0.576771
-0.583223 -0.576941
-0.583395 -0.577112
-0.583566 -0.577283
-0.583738 -0.577454
-0.58391 -0.577625
-0.584083 -0.577796
-0.584255 -0.577968
-0.584428 -0.57814
-0.5846 -0.578313
-0.584773 -0.578485
-0.584947 -0.578658
-0.58512 -0.57883
-0.585294 -0.579004
-0.585468 -0.579178
-0.585642 -0.579352
-0.585816 -0.579526
-0.58599 -0.5797
-0.586165 -0.579875
-0.58634 -0.58005
-0.586515 -0.580225
-0.58669 -0.580401
-0.586865 -0.580577
-0.587041 -0.580753
-0.587217 -0.580929
-0.587393 -0.581106
-0.587569 -0.581283
-0.587746 -0.58146
-0.587922 -0.581637
-0.588099 -0.581815
-0.588276 -0.581993
-0.588453 -0.58217
-0.588631 -0.582349
-0.588808 -0.582528
-0.588986 -0.582707
-0.589164 -0.582886
-0.589342 -0.583065
-0.589521 -0.583245
-0.589699 -0.583425
-0.589878 -0.583605
-0.590057 -0.583786
-0.590236 -0.583966
-0.590416 -0.584147
-0.590595 -0.584328
-0.590775 -0.58451
-0.590955 -0.584692
-0.591135 -0.584874
-0.591315 -0.585056
-0.591496 -0.585238
-0.591677 -0.585421
-0.591858 -0.585604
-0.592039 -0.585788
-0.59222 -0.585971
-0.592402 -0.586155
-0.592583 -0.586339
-0.592765 -0.586523
-0.592947 -0.586708
-0.593129 -0.586893
-0.593312 -0.587079
-0.593495 -0.587264
-0.593677 -0.587449
-0.59386 -0.587635
-0.594044 -0.587821
-0.594227 -0.588008
-0.594411 -0.588195
-0.594594 -0.588382
-0.594778 -0.588569
-0.594963 -0.588756
-0.595147 -0.588944
-0.595331 -0.589132
-0.595516 -0.589321
-0.595701 -0.589509
-0.595886 -0.589697
-0.596071 -0.589886
-0.596257 -0.590075
-0.596443 -0.590265
-0.596628 -0.590455
-0.596814 -0.590645
-0.597001 -0.590835
-0.597187 -0.591025
-0.597374 -0.591216
-0.59756 -0.591407
-0.597747 -0.591599
-0.597935 -0.59179
-0.598122 -0.591981
-0.598309 -0.592173
-0.598497 -0.592365
-0.598685 -0.592558
-0.598873 -0.592751
-0.599061 -0.592944
-0.59925 -0.593137
-0.599438 -0.59333
-0.599627 -0.593524
-0.599816 -0.593718
-0.600005 -0.593913
-0.600195 -0.594107
-0.600384 -0.594302
-0.600574 -0.594496
-0.600764 -0.594691
-0.600954 -0.594887
-0.601144 -0.595083
-0.601335 -0.595279
-0.601525 -0.595475
-0.601716 -0.595671
-0.601907 -0.595868
-0.602098 -0.596065
-0.60229 -0.596262
-0.602481 -0.59646
-0.602673 -0.596657
-0.602865 -0.596855
-0.603057 -0.597053
-0.603249 -0.597251
-0.603441 -0.59745
-0.603634 -0.597649
-0.603827 -0.597848
-0.60402 -0.598047
-0.604213 -0.598247
-0.604406 -0.598447
-0.6046 -0.598647
-0.604793 -0.598847
-0.604987 -0.599048
-0.605181 -0.599248
-0.605375 -0.599449
-0.60557 -0.599651
-0.605764 -0.599853
-0.605959 -0.600054
-0.606154 -0.600256
-0.606349 -0.600458
-0.606544 -0.60066
-0.606739 -0.600863
-0.606935 -0.601066
-0.607131 -0.60127
-0.607327 -0.601473
-0.607523 -0.601676
-0.607719 -0.60188
-0.607916 -0.602084
-0.608112 -0.602289
-0.608309 -0.602493
-0.608506 -0.602698
-0.608703 -0.602903
-0.6089 -0.603107
-0.609098 -0.603313
-0.609296 -0.603519
-0.609493 -0.603725
-0.609691 -0.603931
-0.60989 -0.604137
-0.610088 -0.604344
-0.610286 -0.60455
-0.610485 -0.604758
-0.610684 -0.604965
-0.610883 -0.605173
-0.611082 -0.605381
-0.611281 -0.605588
-0.611481 -0.605796
-0.611681 -0.606005
-0.611881 -0.606214
-0.612081 -0.606423
-0.612281 -0.606632
-0.612481 -0.606841
-0.612682 -0.60705
-0.612882 -0.607261
-0.613083 -0.607471
-0.613284 -0.607681
-0.613486 -0.607892
-0.613687 -0.608102
-0.613888 -0.608313
-0.61409 -0.608524
-0.614292 -0.608736
-0.614494 -0.608947
-0.614696 -0.609159
-0.614899 -0.609371
-0.615101 -0.609583
-0.615304 -0.609796
-0.615507 -0.610008
-0.61571 -0.610222
-0.615913 -0.610435
-0.616116 -0.610648
-0.61632 -0.610861
-0.616523 -0.611075
-0.616727 -0.61129
-0.616931 -0.611504
-0.617135 -0.611718
-0.61734 -0.611933
-0.617544 -0.612147
-0.617749 -0.612362
-0.617954 -0.612578
-0.618159 -0.612794
-0.618364 -0.613009
-0.618569 -0.613225
-0.618774 -0.613441
-0.61898 -0.613657
-0.619186 -0.613874
-0.619392 -0.614091
-0.619598 -0.614308
-0.619804 -0.614525
-0.620011 -0.614743
-0.620217 -0.61496
-0.620424 -0.615178
-0.620631 -0.615396
-0.620838 -0.615615
-0.621045 -0.615833
-0.621252 -0.616052
-0.62146 -0.616271
-0.621668 -0.61649
-0.621875 -0.61671
-0.622083 -0.616929
-0.622291 -0.617149
-0.6225 -0.617368
-0.622708 -0.617589
-0.622917 -0.617809
-0.623126 -0.61803
-0.623335 -0.618251
-0.623544 -0.618472
-0.623753 -0.618693
-0.623962 -0.618914
-0.624172 -0.619135
-0.624381 -0.619358
-0.624591 -0.61958
-0.624801 -0.619802
-0.625011 -0.620024
-0.625222 -0.620246
-0.625432 -0.62047
-0.625643 -0.620693
-0.625854 -0.620916
-0.626065 -0.62114
-0.626276 -0.621363
-0.626487 -0.621587
-0.626698 -0.621811
-0.62691 -0.622036
-0.627121 -0.62226
-0.627333 -0.622485
-0.627545 -0.622709
-0.627757 -0.622934
-0.62797 -0.623159
-0.628182 -0.623385
-0.628395 -0.623611
-0.628607 -0.623837
-0.62882 -0.624063
-0.629033 -0.624289
-0.629246 -0.624515
-0.62946 -0.624742
-0.629673 -0.624969
-0.629887 -0.625196
-0.630101 -0.625422
-0.630315 -0.62565
-0.630529 -0.625877
-0.630743 -0.626105
-0.630957 -0.626334
-0.631172 -0.626562
-0.631386 -0.62679
-0.631601 -0.627018
-0.631816 -0.627247
-0.632031 -0.627476
-0.632246 -0.627705
-0.632462 -0.627934
-0.632677 -0.628164
-0.632893 -0.628393
-0.633109 -0.628623
-0.633325 -0.628853
-0.633541 -0.629084
-0.633757 -0.629314
-0.633974 -0.629544
-0.63419 -0.629775
-0.634407 -0.630006
-0.634624 -0.630237
-0.634841 -0.630468
-0.635058 -0.6307
-0.635275 -0.630932
-0.635492 -0.631163
-0.63571 -0.631395
-0.635928 -0.631628
-0.636145 -0.63186
-0.636363 -0.632093
-0.636581 -0.632326
-0.6368 -0.632558
-0.637018 -0.632791
-0.637237 -0.633025
-0.637455 -0.633258
-0.637674 -0.633492
-0.637893 -0.633726
-0.638112 -0.63396
-0.638331 -0.634194
-0.638551 -0.634429
-0.63877 -0.634664
-0.63899 -0.634899
-0.63921 -0.635133
-0.63943 -0.635368
-0.63965 -0.635603
-0.63987 -0.635839
-0.64009 -0.636075
-0.640311 -0.63631
-0.640531 -0.636546
-0.640752 -0.636782
-0.640973 -0.637018
-0.641194 -0.637255
-0.641415 -0.637491
-0.641636 -0.637729
-0.641858 -0.637966
-0.642079 -0.638203
-0.642301 -0.63844
-0.642523 -0.638677
-0.642745 -0.638915
-0.642967 -0.639153
-0.643189 -0.639391
-0.643411 -0.639629
-0.643634 -0.639867
-0.643856 -0.640106
-0.644079 -0.640344
-0.644302 -0.640584
-0.644525 -0.640822
-0.644748 -0.641061
-0.644972 -0.6413
-0.645195 -0.64154
-0.645419 -0.641779
-0.645642 -0.642019
-0.645866 -0.64226
-0.64609 -0.642499
-0.646314 -0.642739
-0.646538 -0.64298
-0.646763 -0.64322
-0.646987 -0.643461
-0.647212 -0.643703
-0.647436 -0.643943
-0.647661 -0.644185
-0.647886 -0.644425
-0.648111 -0.644667
-0.648337 -0.644909
-0.648562 -0.645151
-0.648787 -0.645393
-0.649013 -0.645635
-0.649239 -0.645877
-0.649465 -0.64612
-0.649691 -0.646363
-0.649917 -0.646605
-0.650143 -0.646848
-0.65037 -0.647091
-0.650596 -0.647334
-0.650823 -0.647578
-0.65105 -0.647821
-0.651276 -0.648065
-0.651503 -0.648309
-0.651731 -0.648552
-0.651958 -0.648796
-0.652185 -0.649041
-0.652413 -0.649285
-0.65264 -0.64953
-0.652868 -0.649775
-0.653096 -0.650019
-0.653324 -0.650264
-0.653552 -0.650508
-0.65378 -0.650754
-0.654009 -0.651
-0.654237 -0.651246
-0.654466 -0.651491
-0.654695 -0.651736
-0.654924 -0.651982
-0.655153 -0.652228
-0.655382 -0.652475
-0.655611 -0.652721
-0.65584 -0.652967
-0.65607 -0.653214
-0.656299 -0.653461
-0.656529 -0.653708
-0.656759 -0.653955
-0.656989 -0.654202
-0.657219 -0.654449
-0.657449 -0.654696
-0.65768 -0.654944
-0.65791 -0.655192
-0.658141 -0.65544
-0.658371 -0.655688
-0.658602 -0.655936
-0.658833 -0.656185
-0.659064 -0.656433
-0.659295 -0.656682
-0.659526 -0.65693
-0.659758 -0.657179
-0.659989 -0.657428
-0.660221 -0.657677
-0.660453 -0.657926
-0.660684 -0.658175
-0.660916 -0.658425
-0.661149 -0.658675
-0.661381 -0.658925
-0.661613 -0.659174
-0.661845 -0.659424
-0.662078 -0.659674
-0.662311 -0.659925
-0.662543 -0.660175
-0.662776 -0.660426
-0.663009 -0.660676
-0.663242 -0.660926
-0.663476 -0.661177
-0.663709 -0.661428
-0.663942 -0.66168
-0.664176 -0.661931
-0.66441 -0.662182
-0.664643 -0.662434
-0.664877 -0.662685
-0.665111 -0.662937
-0.665346 -0.663189
-0.66558 -0.663441
-0.665814 -0.663693
-0.666049 -0.663945
-0.666283 -0.664197
-0.666518 -0.66445
-0.666753 -0.664703
-0.666988 -0.664956
-0.667223 -0.665208
-0.667458 -0.665461
-0.667693 -0.665714
-0.667928 -0.665967
-0.668164 -0.666221
-0.668399 -0.666474
-0.668635 -0.666728
-0.668871 -0.666981
-0.669107 -0.667234
-0.669343 -0.667488
-0.669579 -0.667742
-0.669815 -0.667996
-0.670051 -0.668251
-0.670288 -0.668505
-0.670524 -0.668759
-0.670761 -0.669013
-0.670997 -0.669268
-0.671234 -0.669523
-0.671471 -0.669778
-0.671708 -0.670032
-0.671945 -0.670287
-0.672183 -0.670542
-0.67242 -0.670798
-0.672657 -0.671053
-0.672895 -0.671309
-0.673133 -0.671564
-0.67337 -0.671819
-0.673608 -0.672075
-0.673846 -0.672331
-0.674084 -0.672587
-0.674323 -0.672843
-0.674561 -0.673099
-0.674799 -0.673355
-0.675038 -0.673611
-0.675276 -0.673868
-0.675515 -0.674124
-0.675754 -0.674381
-0.675993 -0.674637
-0.676232 -0.674894
-0.676471 -0.675151
-0.67671 -0.675408
-0.676949 -0.675665
-0.677189 -0.675923
-0.677428 -0.67618
-0.677668 -0.676437
-0.677908 -0.676694
-0.678147 -0.676952
-0.678387 -0.67721
-0.678627 -0.677467
-0.678868 -0.677725
-0.679108 -0.677983
-0.679348 -0.678241
-0.679588 -0.678499
-0.679829 -0.678757
-0.680069 -0.679016
-0.68031 -0.679274
-0.680551 -0.679533
-0.680792 -0.679791
-0.681033 -0.68005
-0.681274 -0.680308
-0.681515 -0.680568
-0.681756 -0.680826
-0.681998 -0.681085
-0.682239 -0.681344
-0.682481 -0.681603
-0.682722 -0.681863
-0.682964 -0.682122
-0.683206 -0.682381
-0.683448 -0.682641
-0.68369 -0.6829
-0.683932 -0.68316
-0.684174 -0.68342
-0.684416 -0.68368
-0.684659 -0.68394
-0.684901 -0.6842
-0.685144 -0.684459
-0.685387 -0.68472
-0.685629 -0.68498
-0.685872 -0.685241
-0.686115 -0.685501
-0.686358 -0.685761
-0.686601 -0.686022
-0.686844 -0.686282
-0.687088 -0.686543
-0.687331 -0.686804
-0.687575 -0.687065
-0.687818 -0.687326
-0.688062 -0.687587
-0.688306 -0.687848
-0.688549 -0.688109
-0.688793 -0.68837
-0.689037 -0.688632
-0.689282 -0.688893
-0.689526 -0.689154
-0.68977 -0.689415
-0.690014 -0.689677
-0.690259 -0.689939
-0.690503 -0.690201
-0.690748 -0.690463
-0.690993 -0.690724
-0.691238 -0.690986
-0.691482 -0.691248
-0.691727 -0.69151
-0.691972 -0.691773
-0.692218 -0.692035
-0.692463 -0.692297
-0.692708 -0.692559
-0.692954 -0.692822
-0.693199 -0.693084
-0.693445 -0.693347
-0.69369 -0.693609
-0.693936 -0.693871
-0.694182 -0.694134
-0.694428 -0.694397
-0.694674 -0.69466
-0.69492 -0.694923
-0.695166 -0.695186
-0.695412 -0.695449
-0.695659 -0.695712
-0.695905 -0.695975
-0.696151 -0.696239
-0.696398 -0.696502
-0.696645 -0.696765
-0.696891 -0.697028
-0.697138 -0.697291
-0.697385 -0.697555
-0.697632 -0.697819
-0.697879 -0.698082
-0.698126 -0.698346
-0.698374 -0.698609
-0.698621 -0.698873
-0.698868 -0.699137
-0.699116 -0.699401
-0.699363 -0.699665
-0.699611 -0.699929
-0.699858 -0.700193
-0.700106 -0.700457
-0.700354 -0.700721
-0.700602 -0.700985
-0.70085 -0.701249
-0.701098 -0.701514
-0.701346 -0.701778
-0.701594 -0.702042
-0.701843 -0.702306
-0.702091 -0.702571
-0.70234 -0.702836
-0.702588 -0.7031
-0.702837 -0.703365
-0.703085 -0.703629
-0.703334 -0.703894
-0.703583 -0.704159
-0.703832 -0.704423
-0.704081 -0.704689
-0.70433 -0.704953
-0.704579 -0.705218
-0.704828 -0.705483
-0.705078 -0.705748
-0.705327 -0.706013
-0.705576 -0.706279
-0.705826 -0.706544
-0.706075 -0.706809
-0.706325 -0.707074
-0.706575 -0.707339
-0.706825 -0.707604
-0.707074 -0.70787
-0.707324 -0.708135
-0.707574 -0.7084
-0.707825 -0.708665
-0.708075 -0.708931
-0.708325 -0.709197
-0.708575 -0.709463
-0.708826 -0.709728
-0.709076 -0.709993
-0.709326 -0.710259
-0.709577 -0.710525
-0.709828 -0.710791
-0.710078 -0.711056
-0.710329 -0.711322
-0.71058 -0.711588
-0.710831 -0.711854
-0.711082 -0.712119
-0.711333 -0.712386
-0.711584 -0.712652
-0.711835 -0.712918
-0.712086 -0.713184
-0.712338 -0.713449
-0.712589 -0.713716
-0.712841 -0.713982
-0.713092 -0.714248
-0.713344 -0.714514
-0.713595 -0.71478
-0.713847 -0.715046
-0.714099 -0.715312
-0.714351 -0.715579
-0.714602 -0.715845
-0.714854 -0.716112
-0.715106 -0.716378
-0.715359 -0.716644
-0.715611 -0.71691
-0.715863 -0.717177
-0.716115 -0.717443
-0.716368 -0.71771
-0.71662 -0.717976
-0.716872 -0.718242
-0.717125 -0.718509
-0.717378 -0.718776
-0.71763 -0.719043
-0.717883 -0.719309
-0.718136 -0.719575
-0.718389 -0.719842
-0.718642 -0.720109
-0.718895 -0.720375
-0.719148 -0.720642
-0.719401 -0.720909
-0.719654 -0.721176
-0.719907 -0.721442
-0.72016 -0.721709
-0.720414 -0.721976
-0.720667 -0.722243
-0.72092 -0.72251
-0.721174 -0.722776
-0.721427 -0.723043
-0.721681 -0.72331
-0.721935 -0.723577
-0.722189 -0.723844
-0.722442 -0.724111
-0.722696 -0.724378
-0.72295 -0.724644
-0.723204 -0.724911
-0.723458 -0.725178
-0.723712 -0.725445
-0.723966 -0.725713
-0.72422 -0.725979
-0.724475 -0.726246
-0.724729 -0.726513
-0.724983 -0.72678
-0.725238 -0.727047
-0.725492 -0.727315
-0.725747 -0.727582
-0.726001 -0.727849
-0.726256 -0.728116
-0.726511 -0.728383
-0.726765 -0.72865
-0.72702 -0.728917
-0.727275 -0.729184
-0.72753 -0.729451
-0.727785 -0.729718
-0.72804 -0.729985
-0.728295 -0.730252
-0.72855 -0.730519
-0.728805 -0.730786
-0.72906 -0.731053
-0.729316 -0.73132
-0.729571 -0.731587
-0.729826 -0.731854
-0.730082 -0.732121
-0.730337 -0.732388
-0.730593 -0.732655
-0.730848 -0.732922
-0.731104 -0.733189
-0.731359 -0.733456
-0.731615 -0.733723
-0.731871 -0.733991
-0.732127 -0.734258
-0.732383 -0.734524
-0.732639 -0.734792
-0.732894 -0.735059
-0.73315 -0.735326
-0.733407 -0.735593
-0.733663 -0.73586
-0.733919 -0.736127
-0.734175 -0.736394
-0.734431 -0.736661
-0.734687 -0.736928
-0.734944 -0.737195
-0.7352 -0.737463
-0.735457 -0.737729
-0.735713 -0.737996
-0.73597 -0.738263
-0.736226 -0.73853
-0.736483 -0.738797
-0.736739 -0.739064
-0.736996 -0.739331
-0.737253 -0.739598
-0.73751 -0.739865
-0.737766 -0.740132
-0.738023 -0.740399
-0.73828 -0.740666
-0.738537 -0.740933
-0.738794 -0.7412
-0.739051 -0.741467
-0.739308 -0.741734
-0.739565 -0.742001
-0.739822 -0.742268
-0.74008 -0.742534
-0.740337 -0.742801
-0.740594 -0.743068
-0.740852 -0.743335
-0.741109 -0.743602
-0.741366 -0.743869
-0.741624 -0.744135
-0.741881 -0.744402
-0.742139 -0.744669
-0.742396 -0.744936
-0.742654 -0.745203
-0.742912 -0.74547
-0.743169 -0.745736
-0.743427 -0.746003
-0.743685 -0.746269
-0.743943 -0.746536
-0.7442 -0.746803
-0.744458 -0.74707
-0.744716 -0.747336
-0.744974 -0.747603
-0.745232 -0.747869
-0.74549 -0.748136
-0.745748 -0.748403
-0.746006 -0.74867
-0.746264 -0.748936
-0.746523 -0.749202
-0.746781 -0.749469
-0.747039 -0.749735
-0.747297 -0.750002
-0.747556 -0.750268
-0.747814 -0.750535
-0.748072 -0.750801
-0.748331 -0.751067
-0.748589 -0.751334
-0.748848 -0.7516
-0.749106 -0.751866
-0.749365 -0.752133
-0.749623 -0.752399
-0.749882 -0.752665
-0.75014 -0.752931
-0.750399 -0.753198
-0.750658 -0.753464
-0.750917 -0.75373
-0.751175 -0.753996
-0.751434 -0.754262
-0.751693 -0.754528
-0.751952 -0.754794
-0.752211 -0.75506
-0.75247 -0.755326
-0.752729 -0.755592
-0.752988 -0.755858
-0.753247 -0.756124
-0.753506 -0.75639
-0.753765 -0.756656
-0.754024 -0.756922
-0.754283 -0.757187
-0.754542 -0.757453
-0.754801 -0.757719
-0.75506 -0.757984
-0.75532 -0.75825
-0.755579 -0.758516
-0.755838 -0.758781
-0.756098 -0.759047
-0.756357 -0.759312
-0.756616 -0.759578
-0.756876 -0.759843
-0.757135 -0.760109
-0.757395 -0.760374
-0.757654 -0.760639
-0.757914 -0.760905
-0.758173 -0.76117
-0.758433 -0.761436
-0.758692 -0.761701
-0.758952 -0.761966
-0.759212 -0.762231
-0.759471 -0.762496
-0.759731 -0.762761
-0.759991 -0.763026
-0.76025 -0.763292
-0.76051 -0.763556
-0.76077 -0.763821
-0.76103 -0.764086
-0.761289 -0.764351
-0.761549 -0.764616
-0.761809 -0.764882
-0.762069 -0.765146
-0.762329 -0.765411
-0.762589 -0.765675
-0.762849 -0.76594
-0.763109 -0.766205
-0.763369 -0.76647
-0.763629 -0.766734
-0.763889 -0.766999
-0.764149 -0.767263
-0.764409 -0.767528
-0.764669 -0.767792
-0.764929 -0.768057
-0.765189 -0.768321
-0.765449 -0.768585
-0.765709 -0.768849
-0.76597 -0.769114
-0.76623 -0.769378
-0.76649 -0.769642
-0.76675 -0.769907
-0.767011 -0.77017
-0.767271 -0.770434
-0.767531 -0.770698
-0.767791 -0.770962
-0.768052 -0.771226
-0.768312 -0.77149
-0.768572 -0.771754
-0.768833 -0.772017
-0.769093 -0.772281
-0.769354 -0.772545
-0.769614 -0.772809
-0.769874 -0.773072
-0.770135 -0.773335
-0.770395 -0.773599
-0.770656 -0.773862
-0.770916 -0.774126
-0.771177 -0.774389
-0.771437 -0.774653
-0.771698 -0.774916
-0.771958 -0.775179
-0.772219 -0.775442
-0.772479 -0.775705
-0.77274 -0.775969
-0.773001 -0.776232
-0.773261 -0.776495
-0.773522 -0.776758
-0.773782 -0.77702
-0.774043 -0.777283
-0.774304 -0.777546
-0.774564 -0.777809
-0.774825 -0.778072
-0.775086 -0.778334
-0.775346 -0.778597
-0.775607 -0.77886
-0.775868 -0.779122
-0.776129 -0.779385
-0.776389 -0.779647
-0.77665 -0.779909
-0.776911 -0.780171
-0.777172 -0.780434
-0.777432 -0.780696
-0.777693 -0.780959
-0.777954 -0.781221
-0.778215 -0.781483
-0.778475 -0.781745
-0.778736 -0.782007
-0.778997 -0.782269
-0.779258 -0.782531
-0.779519 -0.782793
-0.779779 -0.783055
-0.78004 -0.783316
-0.780301 -0.783578
-0.780562 -0.78384
-0.780823 -0.784102
-0.781084 -0.784363
-0.781344 -0.784625
-0.781605 -0.784886
-0.781866 -0.785147
-0.782127 -0.785409
-0.782388 -0.78567
-0.782649 -0.785932
-0.78291 -0.786192
-0.783171 -0.786453
-0.783431 -0.786715
-0.783692 -0.786976
-0.783953 -0.787237
-0.784214 -0.787498
-0.784475 -0.787759
-0.784736 -0.788019
-0.784997 -0.78828
-0.785258 -0.788541
-0.785519 -0.788802
-0.785779 -0.789062
-0.78604 -0.789323
-0.786301 -0.789583
-0.786562 -0.789843
-0.786823 -0.790104
-0.787084 -0.790364
-0.787345 -0.790625
-0.787606 -0.790885
-0.787867 -0.791144
-0.788128 -0.791404
-0.788388 -0.791665
-0.788649 -0.791925
-0.78891 -0.792185
-0.789171 -0.792445
-0.789432 -0.792704
-0.789693 -0.792964
-0.789954 -0.793224
-0.790215 -0.793484
-0.790475 -0.793743
-0.790736 -0.794003
-0.790997 -0.794262
-0.791258 -0.794521
-0.791519 -0.794781
-0.79178 -0.79504
-0.792041 -0.7953
-0.792301 -0.795558
-0.792562 -0.795818
-0.792823 -0.796076
-0.793084 -0.796335
-0.793345 -0.796595
-0.793605 -0.796854
-0.793866 -0.797112
-0.794127 -0.797371
-0.794388 -0.79763
-0.794649 -0.797888
-0.794909 -0.798147
-0.79517 -0.798406
-0.795431 -0.798664
-0.795692 -0.798923
-0.795952 -0.799181
-0.796213 -0.799439
-0.796474 -0.799697
-0.796735 -0.799955
-0.796995 -0.800214
-0.797256 -0.800472
-0.797517 -0.800729
-0.797777 -0.800987
-0.798038 -0.801245
-0.798299 -0.801503
-0.798559 -0.801761
-0.79882 -0.802019
-0.799081 -0.802276
-0.799341 -0.802534
-0.799602 -0.802791
-0.799862 -0.803049
-0.800123 -0.803306
-0.800384 -0.803563
-0.800644 -0.80382
-0.800905 -0.804077
-0.801165 -0.804335
-0.801426 -0.804592
-0.801686 -0.804849
-0.801947 -0.805106
-0.802207 -0.805363
-0.802468 -0.805619
-0.802728 -0.805876
-0.802988 -0.806133
-0.803249 -0.80639
-0.803509 -0.806646
-0.80377 -0.806903
-0.80403 -0.807159
-0.80429 -0.807415
-0.804551 -0.807672
-0.804811 -0.807928
-0.805071 -0.808184
-0.805332 -0.80844
-0.805592 -0.808696
-0.805852 -0.808952
-0.806112 -0.809208
-0.806373 -0.809464
-0.806633 -0.80972
-0.806893 -0.809976
-0.807153 -0.810231
-0.807413 -0.810487
-0.807673 -0.810743
-0.807934 -0.810998
-0.808194 -0.811254
-0.808454 -0.811509
-0.808714 -0.811764
-0.808974 -0.812019
-0.809234 -0.812274
-0.809494 -0.81253
-0.809754 -0.812785
-0.810014 -0.81304
-0.810274 -0.813294
-0.810534 -0.813549
-0.810793 -0.813804
-0.811053 -0.814059
-0.811313 -0.814314
-0.811573 -0.814568
-0.811833 -0.814822
-0.812092 -0.815077
-0.812352 -0.815331
-0.812612 -0.815586
-0.812872 -0.81584
-0.813131 -0.816094
-0.813391 -0.816348
-0.813651 -0.816602
-0.81391 -0.816856
-0.81417 -0.81711
-0.814429 -0.817364
-0.814689 -0.817618
-0.814948 -0.817871
-0.815208 -0.818125
-0.815467 -0.818378
-0.815727 -0.818632
-0.815986 -0.818886
-0.816246 -0.819139
-0.816505 -0.819392
-0.816764 -0.819645
-0.817023 -0.819898
-0.817283 -0.820151
-0.817542 -0.820405
-0.817801 -0.820657
-0.81806 -0.82091
-0.81832 -0.821163
-0.818579 -0.821415
-0.818838 -0.821668
-0.819097 -0.821921
-0.819356 -0.822174
-0.819615 -0.822426
-0.819874 -0.822679
-0.820133 -0.822931
-0.820392 -0.823183
-0.820651 -0.823436
-0.82091 -0.823688
-0.821168 -0.82394
-0.821427 -0.824192
-0.821686 -0.824444
-0.821945 -0.824696
-0.822203 -0.824948
-0.822462 -0.825199
-0.822721 -0.825451
-0.822979 -0.825702
-0.823238 -0.825954
-0.823496 -0.826205
-0.823755 -0.826457
-0.824013 -0.826708
-0.824272 -0.82696
-0.82453 -0.827211
-0.824789 -0.827462
-0.825047 -0.827713
-0.825305 -0.827964
-0.825564 -0.828215
-0.825822 -0.828466
-0.82608 -0.828717
-0.826338 -0.828967
-0.826596 -0.829218
-0.826854 -0.829469
-0.827112 -0.829719
-0.82737 -0.829969
-0.827628 -0.83022
-0.827886 -0.83047
-0.828144 -0.83072
-0.828402 -0.83097
-0.82866 -0.831221
-0.828918 -0.831471
-0.829176 -0.83172
-0.829433 -0.83197
-0.829691 -0.83222
-0.829949 -0.83247
-0.830206 -0.83272
-0.830464 -0.832969
-0.830721 -0.833219
-0.830979 -0.833468
-0.831236 -0.833717
-0.831494 -0.833967
-0.831751 -0.834216
-0.832008 -0.834466
-0.832266 -0.834715
-0.832523 -0.834964
-0.83278 -0.835212
-0.833037 -0.835462
-0.833294 -0.835711
-0.833551 -0.835959
-0.833808 -0.836208
-0.834065 -0.836457
-0.834322 -0.836705
-0.834579 -0.836954
-0.834836 -0.837203
-0.835093 -0.837451
-0.83535 -0.837699
-0.835606 -0.837947
-0.835863 -0.838195
-0.83612 -0.838443
-0.836376 -0.838691
-0.836633 -0.83894
-0.836889 -0.839187
-0.837146 -0.839435
-0.837402 -0.839683
-0.837659 -0.83993
-0.837915 -0.840178
-0.838171 -0.840426
-0.838428 -0.840673
-0.838684 -0.84092
-0.83894 -0.841167
-0.839196 -0.841415
-0.839452 -0.841662
-0.839708 -0.84191
-0.839964 -0.842156
-0.84022 -0.842403
-0.840476 -0.84265
-0.840732 -0.842896
-0.840987 -0.843143
-0.841243 -0.84339
-0.841499 -0.843637
-0.841754 -0.843883
-0.84201 -0.84413
-0.842265 -0.844376
-0.842521 -0.844623
-0.842776 -0.844869
-0.843032 -0.845115
-0.843287 -0.845361
-0.843542 -0.845607
-0.843797 -0.845853
-0.844052 -0.846099
-0.844308 -0.846345
-0.844563 -0.846591
-0.844818 -0.846837
-0.845073 -0.847082
-0.845327 -0.847327
-0.845582 -0.847573
-0.845837 -0.847818
-0.846092 -0.848064
-0.846347 -0.848309
-0.846601 -0.848554
-0.846856 -0.848799
-0.84711 -0.849045
-0.847365 -0.84929
-0.847619 -0.849535
-0.847873 -0.849779
-0.848128 -0.850024
-0.848382 -0.850268
-0.848636 -0.850513
-0.84889 -0.850758
-0.849144 -0.851002
-0.849398 -0.851247
-0.849652 -0.851491
-0.849906 -0.851735
-0.85016 -0.851979
-0.850414 -0.852224
-0.850668 -0.852468
-0.850921 -0.852712
-0.851175 -0.852956
-0.851429 -0.853199
-0.851682 -0.853443
-0.851936 -0.853687
-0.852189 -0.853931
-0.852442 -0.854175
-0.852696 -0.854418
-0.852949 -0.854661
-0.853202 -0.854905
-0.853455 -0.855148
-0.853708 -0.855392
-0.853961 -0.855634
-0.854214 -0.855877
-0.854467 -0.85612
-0.854719 -0.856364
-0.854972 -0.856607
-0.855225 -0.85685
-0.855477 -0.857092
-0.85573 -0.857335
-0.855982 -0.857577
-0.856235 -0.85782
-0.856487 -0.858062
-0.85674 -0.858305
-0.856992 -0.858547
-0.857244 -0.858789
-0.857496 -0.859031
-0.857748 -0.859273
-0.858 -0.859515
-0.858252 -0.859757
-0.858504 -0.859999
-0.858756 -0.860241
-0.859007 -0.860483
-0.859259 -0.860724
-0.85951 -0.860966
-0.859762 -0.861208
-0.860013 -0.861449
-0.860265 -0.86169
-0.860516 -0.861932
-0.860767 -0.862173
-0.861019 -0.862414
-0.86127 -0.862656
-0.861521 -0.862897
-0.861772 -0.863138
-0.862023 -0.863379
-0.862273 -0.863619
-0.862524 -0.86386
-0.862775 -0.864101
-0.863025 -0.864342
-0.863276 -0.864582
-0.863527 -0.864822
-0.863777 -0.865063
-0.864027 -0.865303
-0.864278 -0.865544
-0.864528 -0.865784
-0.864778 -0.866024
-0.865028 -0.866264
-0.865278 -0.866504
-0.865528 -0.866744
-0.865778 -0.866984
-0.866028 -0.867224
-0.866277 -0.867464
-0.866527 -0.867703
-0.866777 -0.867943
-0.867026 -0.868182
-0.867275 -0.868422
-0.867525 -0.868661
-0.867774 -0.8689
-0.868023 -0.86914
-0.868272 -0.869378
-0.868522 -0.869617
-0.868771 -0.869857
-0.869019 -0.870096
-0.869268 -0.870335
-0.869517 -0.870573
-0.869766 -0.870812
-0.870014 -0.871051
-0.870263 -0.871289
-0.870511 -0.871528
-0.87076 -0.871767
-0.871008 -0.872005
-0.871256 -0.872243
-0.871504 -0.872481
-0.871752 -0.872719
-0.872 -0.872958
-0.872248 -0.873196
-0.872496 -0.873434
-0.872744 -0.873671
-0.872992 -0.873909
-0.873239 -0.874147
-0.873487 -0.874385
-0.873734 -0.874622
-0.873982 -0.87486
-0.874229 -0.875097
-0.874476 -0.875334
-0.874723 -0.875572
-0.87497 -0.875809
-0.875217 -0.876046
-0.875464 -0.876283
-0.875711 -0.87652
-0.875958 -0.876757
-0.876204 -0.876994
-0.876451 -0.877231
-0.876697 -0.877468
-0.876944 -0.877704
-0.87719 -0.877941
-0.877436 -0.878177
-0.877683 -0.878414
-0.877929 -0.87865
-0.878175 -0.878887
-0.878421 -0.879123
-0.878666 -0.879359
-0.878912 -0.879595
-0.879158 -0.879831
-0.879403 -0.880067
-0.879649 -0.880303
-0.879894 -0.880539
-0.88014 -0.880774
-0.880385 -0.88101
-0.88063 -0.881246
-0.880875 -0.881481
-0.88112 -0.881717
-0.881365 -0.881952
-0.88161 -0.882188
-0.881854 -0.882423
-0.882099 -0.882658
-0.882344 -0.882893
-0.882588 -0.883129
-0.882832 -0.883363
-0.883077 -0.883598
-0.883321 -0.883833
-0.883565 -0.884068
-0.883809 -0.884302
-0.884053 -0.884537
-0.884297 -0.884772
-0.884541 -0.885006
-0.884784 -0.88524
-0.885028 -0.885474
-0.885271 -0.885709
-0.885515 -0.885943
-0.885758 -0.886178
-0.886001 -0.886411
-0.886244 -0.886645
-0.886487 -0.886879
-0.88673 -0.887113
-0.886973 -0.887347
-0.887216 -0.887581
-0.887459 -0.887815
-0.887701 -0.888048
-0.887944 -0.888281
-0.888186 -0.888515
-0.888428 -0.888748
-0.888671 -0.888982
-0.888913 -0.889215
-0.889155 -0.889448
-0.889397 -0.889681
-0.889638 -0.889914
-0.88988 -0.890147
-0.890122 -0.89038
-0.890363 -0.890613
-0.890605 -0.890845
-0.890846 -0.891078
-0.891087 -0.89131
-0.891329 -0.891543
-0.89157 -0.891776
-0.891811 -0.892008
-0.892052 -0.89224
-0.892292 -0.892472
-0.892533 -0.892704
-0.892774 -0.892936
-0.893014 -0.893168
-0.893254 -0.8934
-0.893495 -0.893632
-0.893735 -0.893864
-0.893975 -0.894095
-0.894215 -0.894327
-0.894455 -0.894559
-0.894695 -0.89479
-0.894934 -0.895022
-0.895174 -0.895253
-0.895414 -0.895484
-0.895653 -0.895716
-0.895892 -0.895947
-0.896132 -0.896178
-0.896371 -0.896409
-0.89661 -0.89664
-0.896849 -0.89687
-0.897087 -0.897101
-0.897326 -0.897332
-0.897565 -0.897563
-0.897803 -0.897794
-0.898042 -0.898024
-0.89828 -0.898254
-0.898518 -0.898485
-0.898756 -0.898715
-0.898994 -0.898945
-0.899232 -0.899175
-0.89947 -0.899405
-0.899707 -0.899635
-0.899945 -0.899865
-0.900182 -0.900095
-0.90042 -0.900325
-0.900657 -0.900554
-0.900894 -0.900784
-0.901131 -0.901013
-0.901368 -0.901243
-0.901605 -0.901472
-0.901842 -0.901702
-0.902078 -0.901931
-0.902315 -0.90216
-0.902551 -0.902389
-0.902788 -0.902618
-0.903024 -0.902847
-0.90326 -0.903076
-0.903496 -0.903305
-0.903732 -0.903533
-0.903968 -0.903762
-0.904203 -0.903991
-0.904439 -0.904219
-0.904674 -0.904448
-0.90491 -0.904676
-0.905145 -0.904904
-0.90538 -0.905132
-0.905615 -0.90536
-0.90585 -0.905589
-0.906085 -0.905817
-0.906319 -0.906045
-0.906554 -0.906272
-0.906788 -0.9065
-0.907023 -0.906728
-0.907257 -0.906955
-0.907491 -0.907183
-0.907725 -0.907411
-0.907959 -0.907638
-0.908193 -0.907865
-0.908426 -0.908092
-0.90866 -0.908319
-0.908893 -0.908547
-0.909127 -0.908774
-0.90936 -0.909
-0.909593 -0.909227
-0.909826 -0.909454
-0.910059 -0.909681
-0.910292 -0.909908
-0.910524 -0.910134
-0.910757 -0.910361
-0.910989 -0.910587
-0.911222 -0.910813
-0.911454 -0.91104
-0.911686 -0.911266
-0.911918 -0.911492
-0.91215 -0.911718
-0.912382 -0.911944
-0.912613 -0.912169
-0.912845 -0.912395
-0.913076 -0.912621
-0.913307 -0.912847
-0.913538 -0.913073
-0.91377 -0.913298
-0.914 -0.913523
-0.914231 -0.913749
-0.914462 -0.913974
-0.914692 -0.914199
-0.914923 -0.914424
-0.915153 -0.914649
-0.915383 -0.914874
-0.915614 -0.915098
-0.915843 -0.915323
-0.916073 -0.915548
-0.916303 -0.915773
-0.916533 -0.915997
-0.916762 -0.916222
-0.916991 -0.916446
-0.917221 -0.916671
-0.91745 -0.916895
-0.917679 -0.917119
-0.917908 -0.917343
-0.918136 -0.917567
-0.918365 -0.917791
-0.918594 -0.918015
-0.918822 -0.918239
-0.91905 -0.918462
-0.919278 -0.918686
-0.919506 -0.918909
-0.919734 -0.919133
-0.919962 -0.919356
-0.92019 -0.91958
-0.920417 -0.919803
-0.920645 -0.920026
-0.920872 -0.920249
-0.921099 -0.920471
-0.921326 -0.920694
-0.921553 -0.920918
-0.92178 -0.92114
-0.922006 -0.921362
-0.922233 -0.921585
-0.922459 -0.921807
-0.922686 -0.92203
-0.922912 -0.922252
-0.923138 -0.922474
-0.923364 -0.922697
-0.923589 -0.922919
-0.923815 -0.92314
-0.92404 -0.923362
-0.924266 -0.923584
-0.924491 -0.923806
-0.924716 -0.924028
-0.924941 -0.924249
-0.925166 -0.924471
-0.925391 -0.924692
-0.925615 -0.924914
-0.92584 -0.925135
-0.926064 -0.925356
-0.926288 -0.925577
-0.926512 -0.925798
-0.926736 -0.926019
-0.92696 -0.92624
-0.927184 -0.926461
-0.927407 -0.926681
-0.927631 -0.926902
-0.927854 -0.927122
-0.928077 -0.927343
-0.9283 -0.927563
-0.928523 -0.927783
-0.928746 -0.928004
-0.928969 -0.928223
-0.929191 -0.928443
-0.929413 -0.928663
-0.929636 -0.928883
-0.929858 -0.929103
-0.93008 -0.929323
-0.930302 -0.929542
-0.930523 -0.929761
-0.930745 -0.929981
-0.930966 -0.9302
-0.931188 -0.930419
-0.931409 -0.930639
-0.93163 -0.930858
-0.931851 -0.931076
-0.932071 -0.931295
-0.932292 -0.931514
-0.932512 -0.931733
-0.932733 -0.931951
-0.932953 -0.932169
-0.933173 -0.932388
-0.933393 -0.932606
-0.933613 -0.932824
-0.933832 -0.933043
-0.934052 -0.933261
-0.934271 -0.933478
-0.93449 -0.933696
-0.934709 -0.933914
-0.934928 -0.934132
-0.935147 -0.934349
-0.935366 -0.934567
-0.935584 -0.934784
-0.935803 -0.935001
-0.936021 -0.935219
-0.936239 -0.935436
-0.936457 -0.935653
-0.936675 -0.93587
-0.936893 -0.936087
-0.93711 -0.936304
-0.937327 -0.93652
-0.937545 -0.936737
-0.937762 -0.936954
-0.937979 -0.937171
-0.938196 -0.937387
-0.938412 -0.937603
-0.938629 -0.937819
-0.938845 -0.938035
-0.939062 -0.938251
-0.939278 -0.938467
-0.939494 -0.938683
-0.939709 -0.938898
-0.939925 -0.939114
-0.940141 -0.939329
-0.940356 -0.939545
-0.940571 -0.93976
-0.940786 -0.939976
-0.941001 -0.94019
-0.941216 -0.940405
-0.941431 -0.94062
-0.941645 -0.940835
-0.94186 -0.94105
-0.942074 -0.941265
-0.942288 -0.941479
-0.942502 -0.941694
-0.942716 -0.941908
-0.942929 -0.942122
-0.943143 -0.942336
-0.943356 -0.942551
-0.943569 -0.942765
-0.943782 -0.942978
-0.943995 -0.943192
-0.944208 -0.943406
-0.94442 -0.943619
-0.944633 -0.943833
-0.944845 -0.944046
-0.945057 -0.944259
-0.945269 -0.944473
-0.945481 -0.944686
-0.945693 -0.944899
-0.945904 -0.945112
-0.946116 -0.945324
-0.946327 -0.945537
-0.946538 -0.94575
-0.946749 -0.945962
-0.94696 -0.946175
-0.94717 -0.946387
-0.947381 -0.946599
-0.947591 -0.946811
-0.947801 -0.947023
-0.948011 -0.947235
-0.948221 -0.947447
-0.948431 -0.947659
-0.94864 -0.94787
-0.94885 -0.948082
-0.949059 -0.948293
-0.949268 -0.948504
-0.949477 -0.948716
-0.949686 -0.948927
-0.949894 -0.949138
-0.950103 -0.949349
-0.950311 -0.949559
-0.950519 -0.94977
-0.950727 -0.949981
-0.950935 -0.950191
-0.951143 -0.950402
-0.95135 -0.950612
-0.951558 -0.950821
-0.951765 -0.951031
-0.951972 -0.951241
-0.952179 -0.951452
-0.952385 -0.951661
-0.952592 -0.951871
-0.952798 -0.95208
-0.953005 -0.952289
-0.953211 -0.952499
-0.953417 -0.952708
-0.953622 -0.952917
-0.953828 -0.953126
-0.954033 -0.953335
-0.954239 -0.953543
-0.954444 -0.953752
-0.954649 -0.953961
-0.954854 -0.954169
-0.955058 -0.954377
-0.955263 -0.954586
-0.955467 -0.954793
-0.955671 -0.955001
-0.955875 -0.955209
-0.956079 -0.955417
-0.956283 -0.955625
-0.956486 -0.955832
-0.95669 -0.956039
-0.956893 -0.956247
-0.957096 -0.956454
-0.957299 -0.956661
-0.957501 -0.956868
-0.957704 -0.957075
-0.957906 -0.957281
-0.958108 -0.957488
-0.95831 -0.957695
-0.958512 -0.957901
-0.958714 -0.958107
-0.958916 -0.958313
-0.959117 -0.958519
-0.959318 -0.958725
-0.959519 -0.958931
-0.95972 -0.959137
-0.959921 -0.959342
-0.960121 -0.959548
-0.960322 -0.959753
-0.960522 -0.959958
-0.960722 -0.960163
-0.960922 -0.960368
-0.961121 -0.960573
-0.961321 -0.960778
-0.96152 -0.960983
-0.96172 -0.961187
-0.961919 -0.961391
-0.962117 -0.961596
-0.962316 -0.9618
-0.962515 -0.962004
-0.962713 -0.962208
-0.962911 -0.962412
-0.963109 -0.962615
-0.963307 -0.962819
-0.963505 -0.963023
-0.963702 -0.963226
-0.963899 -0.963429
-0.964097 -0.963632
-0.964294 -0.963835
-0.96449 -0.964038
-0.964687 -0.964241
-0.964883 -0.964443
-0.96508 -0.964645
-0.965276 -0.964848
-0.965472 -0.96505
-0.965667 -0.965252
-0.965863 -0.965454
-0.966058 -0.965656
-0.966254 -0.965857
-0.966449 -0.966059
-0.966644 -0.96626
-0.966838 -0.966462
-0.967033 -0.966663
-0.967227 -0.966864
-0.967421 -0.967065
-0.967615 -0.967266
-0.967809 -0.967467
-0.968003 -0.967667
-0.968196 -0.967868
-0.96839 -0.968068
-0.968583 -0.968268
-0.968776 -0.968467
-0.968969 -0.968668
-0.969161 -0.968868
-0.969354 -0.969067
-0.969546 -0.969267
-0.969738 -0.969466
-0.96993 -0.969665
-0.970121 -0.969864
-0.970313 -0.970064
-0.970504 -0.970263
-0.970695 -0.970462
-0.970886 -0.97066
-0.971077 -0.970859
-0.971268 -0.971057
-0.971458 -0.971255
-0.971649 -0.971453
-0.971839 -0.971651
-0.972029 -0.971849
-0.972218 -0.972046
-0.972408 -0.972244
-0.972597 -0.972441
-0.972786 -0.972639
-0.972975 -0.972836
-0.973164 -0.973032
-0.973353 -0.973229
-0.973541 -0.973426
-0.973729 -0.973622
-0.973917 -0.973819
-0.974105 -0.974015
-0.974293 -0.974211
-0.974481 -0.974406
-0.974668 -0.974602
-0.974855 -0.974798
-0.975042 -0.974994
-0.975229 -0.975189
-0.975415 -0.975384
-0.975602 -0.975579
-0.975788 -0.975774
-0.975974 -0.975969
-0.97616 -0.976164
-0.976346 -0.976358
-0.976531 -0.976552
-0.976716 -0.976747
-0.976901 -0.976941
-0.977086 -0.977135
-0.977271 -0.977329
-0.977456 -0.977522
-0.97764 -0.977715
-0.977824 -0.977909
-0.978008 -0.978102
-0.978192 -0.978295
-0.978375 -0.978488
-0.978559 -0.978681
-0.978742 -0.978874
-0.978925 -0.979066
-0.979108 -0.979259
-0.979291 -0.979451
-0.979473 -0.979643
-0.979655 -0.979835
-0.979837 -0.980027
-0.980019 -0.980218
-0.980201 -0.98041
-0.980382 -0.980601
-0.980564 -0.980792
-0.980745 -0.980983
-0.980926 -0.981174
-0.981107 -0.981365
-0.981287 -0.981555
-0.981467 -0.981746
-0.981648 -0.981936
-0.981827 -0.982127
-0.982007 -0.982316
-0.982187 -0.982506
-0.982366 -0.982696
-0.982545 -0.982885
-0.982724 -0.983075
-0.982903 -0.983264
-0.983082 -0.983453
-0.98326 -0.983642
-0.983438 -0.98383
-0.983616 -0.984019
-0.983794 -0.984207
-0.983972 -0.984395
-0.984149 -0.984583
-0.984326 -0.984771
-0.984503 -0.984959
-0.98468 -0.985147
-0.984857 -0.985334
-0.985033 -0.985521
-0.98521 -0.985709
-0.985386 -0.985896
-0.985561 -0.986083
-0.985737 -0.986269
-0.985912 -0.986456
-0.986088 -0.986642
-0.986263 -0.986828
-0.986438 -0.987014
-0.986612 -0.9872
-0.986787 -0.987385
-0.986961 -0.987571
-0.987135 -0.987756
-0.987309 -0.987941
-0.987482 -0.988126
-0.987656 -0.988311
-0.987829 -0.988495
-0.988002 -0.98868
-0.988175 -0.988864
-0.988348 -0.989048
-0.98852 -0.989233
-0.988692 -0.989416
-0.988864 -0.989599
-0.989036 -0.989783
-0.989208 -0.989966
-0.989379 -0.990149
-0.98955 -0.990333
-0.989721 -0.990515
-0.989892 -0.990698
-0.990063 -0.99088
-0.990233 -0.991063
-0.990403 -0.991245
-0.990573 -0.991427
-0.990743 -0.991609
-0.990912 -0.99179
-0.991082 -0.991971
-0.991251 -0.992152
-0.99142 -0.992334
-0.991589 -0.992514
-0.991757 -0.992695
-0.991926 -0.992876
-0.992094 -0.993055
-0.992262 -0.993236
-0.992429 -0.993416
-0.992597 -0.993596
-0.992764 -0.993775
-0.992931 -0.993954
-0.993098 -0.994133
-0.993265 -0.994312
-0.993431 -0.994491
-0.993597 -0.99467
-0.993763 -0.994848
-0.993929 -0.995026
-0.994095 -0.995204
-0.99426 -0.995383
-0.994425 -0.995561
-0.99459 -0.995738
-0.994755 -0.995915
-0.99492 -0.996093
-0.995084 -0.99627
-0.995248 -0.996446
-0.995412 -0.996623
-0.995576 -0.996799
-0.995739 -0.996976
-0.995903 -0.997152
-0.996066 -0.997328
-0.996229 -0.997503
-0.996391 -0.997679
-0.996554 -0.997854
-0.996716 -0.99803
-0.996878 -0.998204
-0.99704 -0.998379
-0.997201 -0.998554
-0.997363 -0.998728
-0.997524 -0.998903
-0.997685 -0.999076
-0.997845 -0.99925
-0.998006 -0.999424
-0.998166 -0.999597
-0.998326 -0.99977
-0.998486 -0.999943
-0.998646 -1.00012
-0.998805 -1.00029
-0.998964 -1.00046
-0.999123 -1.00063
-0.999282 -1.00081
-0.999441 -1.00098
-0.999599 -1.00115
-0.999757 -1.00132
-0.999915 -1.00149
-1.00007 -1.00166
-1.00023 -1.00183
-1.00039 -1.002
-1.00054 -1.00218
-1.0007 -1.00235
-1.00086 -1.00252
-1.00101 -1.00269
-1.00117 -1.00285
-1.00133 -1.00302
-1.00148 -1.00319
-1.00164 -1.00336
-1.00179 -1.00353
-1.00195 -1.0037
-1.0021 -1.00387
-1.00226 -1.00404
-1.00241 -1.0042
-1.00257 -1.00437
-1.00272 -1.00454
-1.00287 -1.00471
-1.00303 -1.00487
-1.00318 -1.00504
-1.00333 -1.00521
-1.00349 -1.00538
-1.00364 -1.00554
-1.00379 -1.00571
-1.00394 -1.00587
-1.00409 -1.00604
-1.00425 -1.00621
-1.0044 -1.00637
-1.00455 -1.00654
-1.0047 -1.0067
-1.00485 -1.00687
-1.005 -1.00703
-1.00515 -1.00719
-1.0053 -1.00736
-1.00545 -1.00752
-1.0056 -1.00769
-1.00575 -1.00785
-1.0059 -1.00801
-1.00605 -1.00818
-1.0062 -1.00834
-1.00635 -1.0085
-1.00649 -1.00866
-1.00664 -1.00882
-1.00679 -1.00899
-1.00694 -1.00915
-1.00709 -1.00931
-1.00723 -1.00947
-1.00738 -1.00963
-1.00753 -1.00979
-1.00767 -1.00995
-1.00782 -1.01011
-1.00796 -1.01027
-1.00811 -1.01043
-1.00826 -1.01059
-1.0084 -1.01075
-1.00855 -1.01091
-1.00869 -1.01107
-1.00884 -1.01123
-1.00898 -1.01139
-1.00912 -1.01155
-1.00927 -1.0117
-1.00941 -1.01186
-1.00956 -1.01202
-1.0097 -1.01218
-1.00984 -1.01234
-1.00998 -1.01249
-1.01013 -1.01265
-1.01027 -1.01281
-1.01041 -1.01296
-1.01055 -1.01312
-1.01069 -1.01327
-1.01084 -1.01343
-1.01098 -1.01358
-1.01112 -1.01374
-1.01126 -1.01389
-1.0114 -1.01405
-1.01154 -1.0142
-1.01168 -1.01436
-1.01182 -1.01451
-1.01196 -1.01467
-1.0121 -1.01482
-1.01224 -1.01497
-1.01237 -1.01513
-1.01251 -1.01528
-1.01265 -1.01543
-1.01279 -1.01558
-1.01293 -1.01574
-1.01306 -1.01589
-1.0132 -1.01604
-1.01334 -1.01619
-1.01348 -1.01634
-1.01361 -1.01649
-1.01375 -1.01664
-1.01388 -1.01679
-1.01402 -1.01694
-1.01416 -1.01709
-1.01429 -1.01724
-1.01443 -1.01739
-1.01456 -1.01754
-1.0147 -1.01769
-1.01483 -1.01784
-1.01496 -1.01799
-1.0151 -1.01814
-1.01523 -1.01829
-1.01537 -1.01843
-1.0155 -1.01858
-1.01563 -1.01873
-1.01576 -1.01887
-1.0159 -1.01902
-1.01603 -1.01917
-1.01616 -1.01931
-1.01629 -1.01946
-1.01642 -1.01961
-1.01656 -1.01975
-1.01669 -1.0199
-1.01682 -1.02004
-1.01695 -1.02019
-1.01708 -1.02033
-1.01721 -1.02048
-1.01734 -1.02062
-1.01747 -1.02076
-1.0176 -1.02091
-1.01773 -1.02105
-1.01785 -1.02119
-1.01798 -1.02134
-1.01811 -1.02148
-1.01824 -1.02162
-1.01837 -1.02176
-1.01849 -1.02191
-1.01862 -1.02205
-1.01875 -1.02219
-1.01888 -1.02233
-1.019 -1.02247
-1.01913 -1.02261
-1.01925 -1.02275
-1.01938 -1.02289
-1.01951 -1.02303
-1.01963 -1.02317
-1.01976 -1.02331
-1.01988 -1.02345
-1.02 -1.02359
-1.02013 -1.02372
-1.02025 -1.02386
-1.02038 -1.024
-1.0205 -1.02414
-1.02062 -1.02428
-1.02075 -1.02441
-1.02087 -1.02455
-1.02099 -1.02469
-1.02111 -1.02482
-1.02124 -1.02496
-1.02136 -1.02509
-1.02148 -1.02523
-1.0216 -1.02537
-1.02172 -1.0255
-1.02184 -1.02563
-1.02196 -1.02577
-1.02208 -1.0259
-1.0222 -1.02604
-1.02232 -1.02617
-1.02244 -1.0263
-1.02256 -1.02644
-1.02268 -1.02657
-1.0228 -1.0267
-1.02292 -1.02684
-1.02304 -1.02697
-1.02315 -1.0271
-1.02327 -1.02723
-1.02339 -1.02736
-1.02351 -1.02749
-1.02362 -1.02762
-1.02374 -1.02775
-1.02386 -1.02788
-1.02397 -1.02801
-1.02409 -1.02814
-1.0242 -1.02827
-1.02432 -1.0284
-1.02443 -1.02853
-1.02455 -1.02866
-1.02466 -1.02879
-1.02478 -1.02892
-1.02489 -1.02904
-1.025 -1.02917
-1.02512 -1.0293
-1.02523 -1.02942
-1.02534 -1.02955
-1.02546 -1.02968
-1.02557 -1.0298
-1.02568 -1.02993
-1.02579 -1.03005
-1.02591 -1.03018
-1.02602 -1.0303
-1.02613 -1.03043
-1.02624 -1.03055
-1.02635 -1.03068
-1.02646 -1.0308
-1.02657 -1.03092
-1.02668 -1.03105
-1.02679 -1.03117
-1.0269 -1.03129
-1.02701 -1.03141
-1.02712 -1.03154
-1.02722 -1.03166
-1.02733 -1.03178
-1.02744 -1.0319
-1.02755 -1.03202
-1.02766 -1.03214
-1.02776 -1.03226
-1.02787 -1.03238
-1.02798 -1.0325
-1.02808 -1.03262
-1.02819 -1.03274
-1.02829 -1.03286
-1.0284 -1.03298
-1.02851 -1.03309
-1.02861 -1.03321
-1.02872 -1.03333
-1.02882 -1.03345
-1.02892 -1.03356
-1.02903 -1.03368
-1.02913 -1.0338
-1.02923 -1.03391
-1.02934 -1.03403
-1.02944 -1.03414
-1.02954 -1.03426
-1.02965 -1.03437
-1.02975 -1.03449
-1.02985 -1.0346
-1.02995 -1.03472
-1.03005 -1.03483
-1.03015 -1.03494
-1.03025 -1.03506
-1.03035 -1.03517
-1.03045 -1.03528
-1.03055 -1.0354
-1.03065 -1.03551
-1.03075 -1.03562
-1.03085 -1.03573
-1.03095 -1.03584
-1.03105 -1.03595
-1.03115 -1.03606
-1.03125 -1.03617
-1.03134 -1.03628
-1.03144 -1.03639
-1.03154 -1.0365
-1.03163 -1.03661
-1.03173 -1.03672
-1.03183 -1.03683
-1.03192 -1.03693
-1.03202 -1.03704
-1.03211 -1.03715
-1.03221 -1.03726
-1.0323 -1.03736
-1.0324 -1.03747
-1.03249 -1.03758
-1.03259 -1.03768
-1.03268 -1.03779
-1.03277 -1.03789
-1.03287 -1.038
-1.03296 -1.0381
-1.03305 -1.03821
-1.03315 -1.03831
-1.03324 -1.03841
-1.03333 -1.03852
-1.03342 -1.03862
-1.03351 -1.03872
-1.0336 -1.03883
-1.03369 -1.03893
-1.03378 -1.03903
-1.03387 -1.03913
-1.03396 -1.03923
-1.03405 -1.03933
-1.03414 -1.03943
-1.03423 -1.03953
-1.03432 -1.03963
-1.03441 -1.03973
-1.0345 -1.03983
-1.03459 -1.03993
-1.03467 -1.04003
-1.03476 -1.04013
-1.03485 -1.04023
-1.03493 -1.04032
-1.03502 -1.04042
-1.03511 -1.04052
-1.03519 -1.04061
-1.03528 -1.04071
-1.03536 -1.04081
-1.03545 -1.0409
-1.03553 -1.041
-1.03562 -1.04109
-1.0357 -1.04119
-1.03579 -1.04128
-1.03587 -1.04138
-1.03595 -1.04147
-1.03604 -1.04156
-1.03612 -1.04166
-1.0362 -1.04175
-1.03628 -1.04184
-1.03637 -1.04193
-1.03645 -1.04203
-1.03653 -1.04212
-1.03661 -1.04221
-1.03669 -1.0423
-1.03677 -1.04239
-1.03685 -1.04248
-1.03693 -1.04257
-1.03701 -1.04266
-1.03709 -1.04275
-1.03717 -1.04284
-1.03725 -1.04293
-1.03733 -1.04301
-1.0374 -1.0431
-1.03748 -1.04319
-1.03756 -1.04328
-1.03764 -1.04336
-1.03771 -1.04345
-1.03779 -1.04354
-1.03787 -1.04362
-1.03794 -1.04371
-1.03802 -1.04379
-1.03809 -1.04388
-1.03817 -1.04396
-1.03824 -1.04405
-1.03832 -1.04413
-1.03839 -1.04421
-1.03847 -1.0443
-1.03854 -1.04438
-1.03861 -1.04446
-1.03869 -1.04455
-1.03876 -1.04463
-1.03883 -1.04471
-1.0389 -1.04479
-1.03898 -1.04487
-1.03905 -1.04495
-1.03912 -1.04503
-1.03919 -1.04511
-1.03926 -1.04519
-1.03933 -1.04527
-1.0394 -1.04535
-1.03947 -1.04543
-1.03954 -1.04551
-1.03961 -1.04558
-1.03968 -1.04566
-1.03975 -1.04574
-1.03982 -1.04582
-1.03989 -1.04589
-1.03995 -1.04597
-1.04002 -1.04604
-1.04009 -1.04612
-1.04015 -1.0462
-1.04022 -1.04627
-1.04029 -1.04634
-1.04035 -1.04642
-1.04042 -1.04649
-1.04048 -1.04657
-1.04055 -1.04664
-1.04061 -1.04671
-1.04068 -1.04678
-1.04074 -1.04686
-1.04081 -1.04693
-1.04087 -1.047
-1.04093 -1.04707
-1.041 -1.04714
-1.04106 -1.04721
-1.04112 -1.04728
-1.04118 -1.04735
-1.04125 -1.04742
-1.04131 -1.04749
-1.04137 -1.04756
-1.04143 -1.04763
-1.04149 -1.04769
-1.04155 -1.04776
-1.04161 -1.04783
-1.04167 -1.0479
-1.04173 -1.04796
-1.04179 -1.04803
-1.04185 -1.04809
-1.0419 -1.04816
-1.04196 -1.04822
-1.04202 -1.04829
-1.04208 -1.04835
-1.04214 -1.04842
-1.04219 -1.04848
-1.04225 -1.04854
-1.0423 -1.04861
-1.04236 -1.04867
-1.04242 -1.04873
-1.04247 -1.04879
-1.04253 -1.04885
-1.04258 -1.04892
-1.04264 -1.04898
-1.04269 -1.04904
-1.04274 -1.0491
-1.0428 -1.04916
-1.04285 -1.04922
-1.0429 -1.04928
-1.04296 -1.04933
-1.04301 -1.04939
-1.04306 -1.04945
-1.04311 -1.04951
-1.04316 -1.04957
-1.04321 -1.04962
-1.04326 -1.04968
-1.04331 -1.04973
-1.04336 -1.04979
-1.04341 -1.04985
-1.04346 -1.0499
-1.04351 -1.04996
-1.04356 -1.05001
-1.04361 -1.05006
-1.04366 -1.05012
-1.04371 -1.05017
-1.04375 -1.05022
-1.0438 -1.05028
-1.04385 -1.05033
-1.04389 -1.05038
-1.04394 -1.05043
-1.04399 -1.05048
-1.04403 -1.05053
-1.04408 -1.05058
-1.04412 -1.05063
-1.04417 -1.05068
-1.04421 -1.05073
-1.04426 -1.05078
-1.0443 -1.05083
-1.04434 -1.05088
-1.04439 -1.05093
-1.04443 -1.05097
-1.04447 -1.05102
-1.04451 -1.05107
-1.04456 -1.05111
-1.0446 -1.05116
-1.04464 -1.05121
-1.04468 -1.05125
-1.04472 -1.0513
-1.04476 -1.05134
-1.0448 -1.05138
-1.04484 -1.05143
-1.04488 -1.05147
-1.04492 -1.05151
-1.04496 -1.05156
-1.04499 -1.0516
-1.04503 -1.05164
-1.04507 -1.05168
-1.04511 -1.05172
-1.04514 -1.05177
-1.04518 -1.05181
-1.04522 -1.05185
-1.04525 -1.05189
-1.04529 -1.05193
-1.04532 -1.05196
-1.04536 -1.052
-1.04539 -1.05204
-1.04543 -1.05208
-1.04546 -1.05212
-1.0455 -1.05215
-1.04553 -1.05219
-1.04556 -1.05223
-1.0456 -1.05226
-1.04563 -1.0523
-1.04566 -1.05233
-1.04569 -1.05237
-1.04572 -1.0524
-1.04576 -1.05244
-1.04579 -1.05247
-1.04582 -1.05251
-1.04585 -1.05254
-1.04588 -1.05257
-1.04591 -1.0526
-1.04594 -1.05264
-1.04596 -1.05267
-1.04599 -1.0527
-1.04602 -1.05273
-1.04605 -1.05276
-1.04608 -1.05279
-1.0461 -1.05282
-1.04613 -1.05285
-1.04616 -1.05288
-1.04618 -1.05291
-1.04621 -1.05293
-1.04624 -1.05296
-1.04626 -1.05299
-1.04629 -1.05302
-1.04631 -1.05304
-1.04633 -1.05307
-1.04636 -1.0531
-1.04638 -1.05312
-1.04641 -1.05315
-1.04643 -1.05317
-1.04645 -1.0532
-1.04647 -1.05322
-1.0465 -1.05324
-1.04652 -1.05327
-1.04654 -1.05329
-1.04656 -1.05331
-1.04658 -1.05333
-1.0466 -1.05336
-1.04662 -1.05338
-1.04664 -1.0534
-1.04666 -1.05342
-1.04668 -1.05344
-1.0467 -1.05346
-1.04671 -1.05348
-1.04673 -1.0535
-1.04675 -1.05352
-1.04677 -1.05353
-1.04678 -1.05355
-1.0468 -1.05357
-1.04682 -1.05359
-1.04683 -1.0536
-1.04685 -1.05362
-1.04686 -1.05364
-1.04688 -1.05365
-1.04689 -1.05367
-1.04691 -1.05368
-1.04692 -1.0537
-1.04694 -1.05371
-1.04695 -1.05373
-1.04696 -1.05374
-1.04697 -1.05375
-1.04699 -1.05376
-1.047 -1.05378
-1.04701 -1.05379
-1.04702 -1.0538
-1.04703 -1.05381
-1.04704 -1.05382
-1.04705 -1.05383
-1.04706 -1.05384
-1.04707 -1.05385
-1.04708 -1.05386
-1.04709 -1.05387
-1.0471 -1.05388
-1.04711 -1.05388
-1.04711 -1.05389
-1.04712 -1.0539
-1.04713 -1.05391
-1.04714 -1.05391
-1.04714 -1.05392
-1.04715 -1.05392
-1.04715 -1.05393
-1.04716 -1.05393
-1.04716 -1.05394
-1.04717 -1.05394
-1.04717 -1.05395
-1.04718 -1.05395
-1.04718 -1.05395
-1.04718 -1.05396
-1.04719 -1.05396
-1.04719 -1.05396
-1.04719 -1.05396
-1.04719 -1.05396
-1.04719 -1.05396
-1.0472 -1.05396
-1.0472 -1.05396
-1.0472 -1.05396
-1.0472 -1.05396
-1.0472 -1.05396
-1.0472 -1.05396
-1.0472 -1.05396
-1.0472 -1.05395
-1.0472 -1.05395
-1.0472 -1.05395
-1.0472 -1.05394
-1.0472 -1.05394
-1.0472 -1.05394
-1.0472 -1.05393
-1.0472 -1.05393
-1.0472 -1.05392
-1.0472 -1.05391
-1.0472 -1.05391
-1.0472 -1.0539
-1.0472 -1.0539
-1.0472 -1.05389
-1.0472 -1.05388
-1.0472 -1.05387
-1.0472 -1.05387
-1.0472 -1.05386
-1.0472 -1.05385
-1.0472 -1.05384
-1.0472 -1.05383
-1.0472 -1.05383
-1.0472 -1.05382
-1.0472 -1.05381
-1.0472 -1.0538
-1.0472 -1.05379
-1.0472 -1.05378
-1.0472 -1.05377
-1.0472 -1.05375
-1.0472 -1.05374
-1.0472 -1.05373
-1.0472 -1.05372
-1.0472 -1.05371
-1.0472 -1.0537
-1.0472 -1.05369
-1.0472 -1.05367
-1.0472 -1.05366
-1.0472 -1.05365
-1.0472 -1.05364
-1.0472 -1.05362
-1.0472 -1.05361
-1.0472 -1.0536
-1.0472 -1.05358
-1.0472 -1.05357
-1.0472 -1.05355
-1.0472 -1.05354
-1.0472 -1.05353
-1.0472 -1.05351
-1.0472 -1.0535
-1.0472 -1.05348
-1.0472 -1.05347
-1.0472 -1.05345
-1.0472 -1.05344
-1.0472 -1.05342
-1.0472 -1.05341
-1.0472 -1.05339
-1.0472 -1.05338
-1.0472 -1.05336
-1.0472 -1.05335
-1.0472 -1.05333
-1.0472 -1.05331
-1.0472 -1.0533
-1.0472 -1.05328
-1.0472 -1.05327
-1.0472 -1.05325
-1.0472 -1.05323
-1.0472 -1.05322
-1.0472 -1.0532
-1.0472 -1.05318
-1.0472 -1.05317
-1.0472 -1.05315
-1.0472 -1.05313
-1.0472 -1.05312
-1.0472 -1.0531
-1.0472 -1.05308
-1.0472 -1.05307
-1.0472 -1.05305
-1.0472 -1.05303
-1.0472 -1.05302
-1.0472 -1.053
-1.0472 -1.05298
-1.0472 -1.05297
-1.0472 -1.05295
-1.0472 -1.05293
-1.0472 -1.05291
-1.0472 -1.0529
-1.0472 -1.05288
-1.0472 -1.05286
-1.0472 -1.05285
-1.0472 -1.05283
-1.0472 -1.05281
-1.0472 -1.05279
-1.0472 -1.05278
-1.0472 -1.05276
-1.0472 -1.05274
-1.0472 -1.05272
-1.0472 -1.05271
-1.0472 -1.05269
-1.0472 -1.05267
-1.0472 -1.05266
-1.0472 -1.05264
-1.0472 -1.05262
-1.0472 -1.0526
-1.0472 -1.05259
-1.0472 -1.05257
-1.0472 -1.05255
-1.0472 -1.05254
-1.0472 -1.05252
-1.0472 -1.0525
-1.0472 -1.05248
-1.0472 -1.05247
-1.0472 -1.05245
-1.0472 -1.05243
-1.0472 -1.05242
-1.0472 -1.0524
-1.0472 -1.05238
-1.0472 -1.05237
-1.0472 -1.05235
-1.0472 -1.05233
-1.0472 -1.05231
-1.0472 -1.0523
-1.0472 -1.05228
-1.0472 -1.05226
-1.0472 -1.05225
-1.0472 -1.05223
-1.0472 -1.05221
-1.0472 -1.0522
-1.0472 -1.05218
-1.0472 -1.05217
-1.0472 -1.05215
-1.0472 -1.05213
-1.0472 -1.05211
-1.0472 -1.0521
-1.0472 -1.05208
-1.0472 -1.05207
-1.0472 -1.05205
-1.0472 -1.05203
-1.0472 -1.05202
-1.0472 -1.052
-1.0472 -1.05198
-1.0472 -1.05197
-1.0472 -1.05195
-1.0472 -1.05193
-1.0472 -1.05192
-1.0472 -1.0519
-1.0472 -1.05189
-1.0472 -1.05187
-1.0472 -1.05185
-1.0472 -1.05184
-1.0472 -1.05182
-1.0472 -1.0518
-1.0472 -1.05179
-1.0472 -1.05177
-1.0472 -1.05175
-1.0472 -1.05174
-1.0472 -1.05172
-1.0472 -1.05171
-1.0472 -1.05169
-1.0472 -1.05167
-1.0472 -1.05166
-1.0472 -1.05164
-1.0472 -1.05162
-1.0472 -1.05161
-1.0472 -1.05159
-1.0472 -1.05158
-1.0472 -1.05156
-1.0472 -1.05154
-1.0472 -1.05153
-1.0472 -1.05151
-1.0472 -1.05149
-1.0472 -1.05148
-1.0472 -1.05146
-1.0472 -1.05144
-1.0472 -1.05143
-1.0472 -1.05141
-1.0472 -1.05139
-1.0472 -1.05138
-1.0472 -1.05136
-1.0472 -1.05135
-1.0472 -1.05133
-1.0472 -1.05131
-1.0472 -1.0513
-1.0472 -1.05128
-1.0472 -1.05126
-1.0472 -1.05125
-1.0472 -1.05123
-1.0472 -1.05121
-1.0472 -1.05119
-1.0472 -1.05118
-1.0472 -1.05116
-1.0472 -1.05114
-1.0472 -1.05113
-1.0472 -1.05111
-1.0472 -1.05109
-1.0472 -1.05107
-1.0472 -1.05106
-1.0472 -1.05104
-1.0472 -1.05102
-1.0472 -1.051
-1.0472 -1.05099
-1.0472 -1.05097
-1.0472 -1.05095
-1.0472 -1.05093
-1.0472 -1.05092
-1.0472 -1.0509
-1.0472 -1.05088
-1.0472 -1.05086
-1.0472 -1.05084
-1.0472 -1.05083
-1.0472 -1.05081
-1.0472 -1.05079
-1.0472 -1.05077
-1.0472 -1.05075
-1.0472 -1.05073
-1.0472 -1.05072
-1.0472 -1.0507
-1.0472 -1.05068
-1.0472 -1.05066
-1.0472 -1.05064
-1.0472 -1.05062
-1.0472 -1.0506
-1.0472 -1.05058
-1.0472 -1.05056
-1.0472 -1.05054
-1.0472 -1.05052
-1.0472 -1.05051
-1.0472 -1.05049
-1.0472 -1.05047
-1.0472 -1.05045
-1.0472 -1.05043
-1.0472 -1.05041
-1.0472 -1.05039
-1.0472 -1.05037
-1.0472 -1.05035
-1.0472 -1.05033
-1.0472 -1.05031
-1.0472 -1.05029
-1.0472 -1.05027
-1.0472 -1.05024
-1.0472 -1.05022
-1.0472 -1.0502
-1.0472 -1.05018
-1.0472 -1.05016
-1.0472 -1.05014
-1.0472 -1.05012
-1.0472 -1.0501
-1.0472 -1.05008
-1.0472 -1.05006
-1.0472 -1.05003
-1.0472 -1.05001
-1.0472 -1.04999
-1.0472 -1.04997
-1.0472 -1.04995
-1.0472 -1.04992
-1.0472 -1.0499
-1.0472 -1.04988
-1.0472 -1.04986
-1.0472 -1.04984
-1.0472 -1.04981
-1.0472 -1.04979
-1.0472 -1.04977
-1.0472 -1.04975
-1.0472 -1.04972
-1.0472 -1.0497
-1.0472 -1.04968
-1.0472 -1.04966
-1.0472 -1.04963
-1.0472 -1.04961
-1.0472 -1.04959
-1.0472 -1.04956
-1.0472 -1.04954
-1.0472 -1.04952
-1.0472 -1.04949
-1.0472 -1.04947
-1.0472 -1.04945
-1.0472 -1.04942
-1.0472 -1.0494
-1.0472 -1.04938
-1.0472 -1.04935
-1.0472 -1.04933
-1.0472 -1.0493
-1.0472 -1.04928
-1.0472 -1.04926
-1.0472 -1.04923
-1.0472 -1.04921
-1.0472 -1.04918
-1.0472 -1.04916
-1.0472 -1.04913
-1.0472 -1.04911
-1.0472 -1.04908
-1.0472 -1.04906
-1.0472 -1.04903
-1.0472 -1.04901
-1.0472 -1.04899
-1.0472 -1.04896
-1.0472 -1.04894
-1.0472 -1.04891
-1.0472 -1.04889
-1.0472 -1.04886
-1.0472 -1.04884
-1.0472 -1.04881
-1.0472 -1.04878
-1.0472 -1.04876
-1.0472 -1.04873
-1.0472 -1.04871
-1.0472 -1.04868
-1.0472 -1.04866
-1.0472 -1.04863
-1.0472 -1.04861
-1.0472 -1.04858
-1.0472 -1.04856
-1.0472 -1.04853
-1.0472 -1.0485
-1.0472 -1.04848
-1.0472 -1.04845
-1.0472 -1.04843
-1.0472 -1.0484
-1.0472 -1.04838
-1.0472 -1.04835
-1.0472 -1.04832
-1.0472 -1.0483
-1.0472 -1.04827
-1.0472 -1.04825
-1.0472 -1.04822
-1.0472 -1.04819
-1.0472 -1.04817
-1.0472 -1.04814
-1.0472 -1.04812
-1.0472 -1.04809
-1.0472 -1.04806
-1.0472 -1.04804
-1.0472 -1.04801
-1.0472 -1.04799
-1.0472 -1.04796
-1.0472 -1.04793
-1.0472 -1.04791
-1.0472 -1.04788
-1.0472 -1.04786
-1.0472 -1.04783
-1.0472 -1.0478
-1.0472 -1.04778
-1.0472 -1.04775
-1.0472 -1.04772
-1.0472 -1.0477
-1.0472 -1.04767
-1.0472 -1.04765
-1.0472 -1.04762
-1.0472 -1.04759
-1.0472 -1.04757
-1.0472 -1.04754
-1.0472 -1.04752
-1.0472 -1.04749
-1.0472 -1.04746
-1.0472 -1.04744
-1.0472 -1.04741
-1.0472 -1.04739
-1.0472 -1.04736
-1.0472 -1.04733
-1.0472 -1.04731
-1.0472 -1.04728
-1.0472 -1.04726
-1.0472 -1.04723
-1.0472 -1.04721
-1.0472 -1.04718
-1.0472 -1.04715
-1.0472 -1.04713
-1.0472 -1.0471
-1.0472 -1.04708
-1.0472 -1.04705
-1.0472 -1.04703
-1.0472 -1.047
-1.0472 -1.04697
-1.0472 -1.04695
-1.0472 -1.04692
-1.0472 -1.0469
-1.0472 -1.04687
-1.0472 -1.04685
-1.0472 -1.04682
-1.0472 -1.0468
-1.0472 -1.04677
-1.0472 -1.04675
-1.0472 -1.04672
-1.0472 -1.0467
-1.0472 -1.04667
-1.0472 -1.04665
-1.0472 -1.04662
-1.0472 -1.0466
-1.0472 -1.04657
-1.0472 -1.04655
-1.0472 -1.04652
-1.0472 -1.0465
-1.0472 -1.04647
-1.0472 -1.04645
-1.0472 -1.04642
-1.0472 -1.0464
-1.0472 -1.04637
-1.0472 -1.04635
-1.0472 -1.04632
-1.0472 -1.0463
-1.0472 -1.04627
-1.0472 -1.04625
-1.0472 -1.04623
-1.0472 -1.0462
-1.0472 -1.04618
-1.0472 -1.04615
-1.0472 -1.04613
-1.0472 -1.0461
-1.0472 -1.04608
-1.0472 -1.04606
-1.0472 -1.04603
-1.0472 -1.04601
-1.0472 -1.04598
-1.0472 -1.04596
-1.0472 -1.04594
-1.0472 -1.04591
-1.0472 -1.04589
-1.0472 -1.04587
-1.0472 -1.04584
-1.0472 -1.04582
-1.0472 -1.0458
-1.0472 -1.04577
-1.0472 -1.04575
-1.0472 -1.04573
-1.0472 -1.0457
-1.0472 -1.04568
-1.0472 -1.04566
-1.0472 -1.04563
-1.0472 -1.04561
-1.0472 -1.04559
-1.0472 -1.04557
-1.0472 -1.04554
-1.0472 -1.04552
-1.0472 -1.0455
-1.0472 -1.04548
-1.0472 -1.04545
-1.0472 -1.04543
-1.0472 -1.04541
-1.0472 -1.04539
-1.0472 -1.04536
-1.0472 -1.04534
-1.0472 -1.04532
-1.0472 -1.0453
-1.0472 -1.04527
-1.0472 -1.04525
-1.0472 -1.04523
-1.0472 -1.04521
-1.0472 -1.04519
-1.0472 -1.04517
-1.0472 -1.04514
-1.0472 -1.04512
-1.0472 -1.0451
-1.0472 -1.04508
-1.0472 -1.04506
-1.0472 -1.04504
-1.0472 -1.04502
-1.0472 -1.04499
-1.0472 -1.04497
-1.0472 -1.04495
-1.0472 -1.04493
-1.0472 -1.04491
-1.0472 -1.04489
-1.0472 -1.04487
-1.0472 -1.04485
-1.0472 -1.04483
-1.0472 -1.04481
-1.0472 -1.04479
-1.0472 -1.04476
-1.0472 -1.04474
-1.0472 -1.04472
-1.0472 -1.0447
-1.0472 -1.04468
-1.0472 -1.04466
-1.0472 -1.04464
-1.0472 -1.04462
-1.0472 -1.0446
-1.0472 -1.04458
-1.0472 -1.04456
-1.0472 -1.04454
-1.0472 -1.04452
-1.0472 -1.0445
-1.0472 -1.04448
-1.0472 -1.04446
-1.0472 -1.04444
-1.0472 -1.04442
-1.0472 -1.04441
-1.0472 -1.04439
-1.0472 -1.04437
-1.0472 -1.04435
-1.0472 -1.04433
-1.0472 -1.04431
-1.0472 -1.04429
-1.0472 -1.04427
-1.0472 -1.04425
-1.0472 -1.04423
-1.0472 -1.04421
-1.0472 -1.04419
-1.0472 -1.04418
-1.0472 -1.04416
-1.0472 -1.04414
-1.0472 -1.04412
-1.0472 -1.0441
-1.0472 -1.04408
-1.0472 -1.04407
-1.0472 -1.04405
-1.0472 -1.04403
-1.0472 -1.04401
-1.0472 -1.04399
-1.0472 -1.04397
-1.0472 -1.04396
-1.0472 -1.04394
-1.0472 -1.04392
-1.0472 -1.0439
-1.0472 -1.04389
-1.0472 -1.04387
-1.0472 -1.04385
-1.0472 -1.04383
-1.0472 -1.04382
-1.0472 -1.0438
-1.0472 -1.04378
-1.0472 -1.04376
-1.0472 -1.04375
-1.0472 -1.04373
-1.0472 -1.04371
-1.0472 -1.0437
-1.0472 -1.04368
-1.0472 -1.04366
-1.0472 -1.04365
-1.0472 -1.04363
-1.0472 -1.04361
-1.0472 -1.0436
-1.0472 -1.04358
-1.0472 -1.04356
-1.0472 -1.04355
-1.0472 -1.04353
-1.0472 -1.04351
-1.0472 -1.0435
-1.0472 -1.04348
-1.0472 -1.04347
-1.0472 -1.04345
-1.0472 -1.04344
-1.0472 -1.04342
-1.0472 -1.0434
-1.0472 -1.04339
-1.0472 -1.04337
-1.0472 -1.04336
-1.0472 -1.04334
-1.0472 -1.04333
-1.0472 -1.04331
-1.0472 -1.0433
-1.0472 -1.04328
-1.0472 -1.04327
-1.0472 -1.04325
-1.0472 -1.04324
-1.0472 -1.04322
-1.0472 -1.04321
-1.0472 -1.04319
-1.0472 -1.04318
-1.0472 -1.04316
-1.0472 -1.04315
-1.0472 -1.04313
-1.0472 -1.04312
-1.0472 -1.0431
-1.0472 -1.04309
-1.0472 -1.04308
-1.0472 -1.04306
-1.0472 -1.04305
-1.0472 -1.04303
-1.0472 -1.04302
-1.0472 -1.04301
-1.0472 -1.04299
-1.0472 -1.04298
-1.0472 -1.04297
-1.0472 -1.04295
-1.0472 -1.04294
-1.0472 -1.04293
-1.0472 -1.04291
-1.0472 -1.0429
-1.0472 -1.04289
-1.0472 -1.04287
-1.0472 -1.04286
-1.0472 -1.04285
-1.0472 -1.04284
-1.0472 -1.04282
-1.0472 -1.04281
-1.0472 -1.0428
-1.0472 -1.04279
-1.0472 -1.04277
-1.0472 -1.04276
-1.0472 -1.04275
-1.0472 -1.04274
-1.0472 -1.04273
-1.0472 -1.04271
-1.0472 -1.0427
-1.0472 -1.04269
-1.0472 -1.04268
-1.0472 -1.04267
-1.0472 -1.04266
-1.0472 -1.04265
-1.0472 -1.04263
-1.0472 -1.04262
-1.0472 -1.04261
-1.0472 -1.0426
-1.0472 -1.04259
-1.0472 -1.04258
-1.0472 -1.04257
-1.0472 -1.04256
-1.0472 -1.04255
-1.0472 -1.04254
-1.0472 -1.04253
-1.0472 -1.04252
-1.0472 -1.04251
-1.0472 -1.0425
-1.0472 -1.04249
-1.0472 -1.04248
-1.0472 -1.04247
-1.0472 -1.04246
-1.0472 -1.04245
-1.0472 -1.04244
-1.0472 -1.04243
-1.0472 -1.04242
-1.0472 -1.04241
-1.0472 -1.0424
-1.0472 -1.04239
-1.0472 -1.04238
-1.0472 -1.04238
-1.0472 -1.04237
-1.0472 -1.04236
-1.0472 -1.04235
-1.0472 -1.04234
-1.0472 -1.04233
-1.0472 -1.04232
-1.0472 -1.04232
-1.0472 -1.04231
-1.0472 -1.0423
-1.0472 -1.04229
-1.0472 -1.04228
-1.0472 -1.04228
-1.0472 -1.04227
-1.0472 -1.04226
-1.0472 -1.04225
-1.0472 -1.04225
-1.0472 -1.04224
-1.0472 -1.04223
-1.0472 -1.04223
-1.0472 -1.04222
-1.0472 -1.04221
-1.0472 -1.04221
-1.0472 -1.0422
-1.0472 -1.04219
-1.0472 -1.04219
-1.0472 -1.04218
-1.0472 -1.04217
-1.0472 -1.04217
-1.0472 -1.04216
-1.0472 -1.04215
-1.0472 -1.04215
-1.0472 -1.04214
-1.0472 -1.04214
-1.0472 -1.04213
-1.0472 -1.04213
-1.0472 -1.04212
-1.0472 -1.04212
-1.0472 -1.04211
-1.0472 -1.04211
-1.0472 -1.0421
-1.0472 -1.0421
-1.0472 -1.04209
-1.0472 -1.04209
-1.0472 -1.04208
-1.0472 -1.04208
-1.0472 -1.04207
-1.0472 -1.04207
-1.0472 -1.04207
-1.0472 -1.04206
-1.0472 -1.04206
-1.0472 -1.04205
-1.0472 -1.04205
-1.0472 -1.04205
-1.0472 -1.04204
-1.0472 -1.04204
-1.0472 -1.04204
-1.0472 -1.04203
-1.0472 -1.04203
-1.0472 -1.04203
-1.0472 -1.04202
-1.0472 -1.04202
-1.0472 -1.04202
-1.0472 -1.04202
-1.0472 -1.04201
-1.0472 -1.04201
-1.0472 -1.04201
-1.0472 -1.04201
-1.0472 -1.042
-1.0472 -1.042
-1.0472 -1.042
-1.0472 -1.042
-1.0472 -1.042
-1.0472 -1.042
-1.0472 -1.04199
-1.0472 -1.04199
-1.0472 -1.04199
-1.0472 -1.04199
-1.0472 -1.04199
-1.0472 -1.04199
-1.0472 -1.04199
-1.0472 -1.04199
-1.0472 -1.04199
-1.0472 -1.04199
-1.0472 -1.04199
-1.0472 -1.04198
-1.0472 -1.04198
-1.0472 -1.04198
-1.0472 -1.04198
-1.0472 -1.04198
-1.0472 -1.04198
-1.0472 -1.04198
-1.0472 -1.04199
-1.0472 -1.04199
-1.0472 -1.04199
-1.0472 -1.04199
-1.0472 -1.04199
-1.0472 -1.04199
-1.0472 -1.04199
-1.0472 -1.04199
-1.0472 -1.04199
-1.0472 -1.04199
-1.0472 -1.04199
-1.0472 -1.042
-1.0472 -1.042
-1.0472 -1.042
-1.0472 -1.042
-1.0472 -1.042
-1.0472 -1.042
-1.0472 -1.04201
-1.0472 -1.04201
-1.0472 -1.04201
-1.0472 -1.04201
-1.0472 -1.04202
-1.0472 -1.04202
-1.0472 -1.04202
-1.0472 -1.04202
-1.0472 -1.04203
-1.0472 -1.04203
-1.0472 -1.04203
-1.0472 -1.04203
-1.0472 -1.04204
-1.0472 -1.04204
-1.0472 -1.04204
-1.0472 -1.04205
-1.0472 -1.04205
-1.0472 -1.04206
-1.0472 -1.04206
-1.0472 -1.04206
-1.0472 -1.04207
-1.0472 -1.04207
-1.0472 -1.04208
-1.0472 -1.04208
-1.0472 -1.04208
-1.0472 -1.04209
-1.0472 -1.04209
-1.0472 -1.0421
-1.0472 -1.0421
-1.0472 -1.04211
-1.0472 -1.04211
-1.0472 -1.04212
-1.0472 -1.04212
-1.0472 -1.04213
-1.0472 -1.04213
-1.0472 -1.04214
-1.0472 -1.04214
-1.0472 -1.04215
-1.0472 -1.04216
-1.0472 -1.04216
-1.0472 -1.04217
-1.0472 -1.04217
-1.0472 -1.04218
-1.0472 -1.04219
-1.0472 -1.04219
-1.0472 -1.0422
-1.0472 -1.0422
-1.0472 -1.04221
-1.0472 -1.04222
-1.0472 -1.04222
-1.0472 -1.04223
-1.0472 -1.04224
-1.0472 -1.04224
-1.0472 -1.04225
-1.0472 -1.04226
-1.0472 -1.04227
-1.0472 -1.04227
-1.0472 -1.04228
-1.0472 -1.04229
-1.0472 -1.0423
-1.0472 -1.0423
-1.0472 -1.04231
-1.0472 -1.04232
-1.0472 -1.04233
-1.0472 -1.04234
-1.0472 -1.04234
-1.0472 -1.04235
-1.0472 -1.04236
-1.0472 -1.04237
-1.0472 -1.04238
-1.0472 -1.04239
-1.0472 -1.04239
-1.0472 -1.0424
-1.0472 -1.04241
-1.0472 -1.04242
-1.0472 -1.04243
-1.0472 -1.04244
-1.0472 -1.04245
-1.0472 -1.04246
-1.0472 -1.04247
-1.0472 -1.04248
-1.0472 -1.04249
-1.0472 -1.0425
-1.0472 -1.0425
-1.0472 -1.04251
-1.0472 -1.04252
-1.0472 -1.04253
-1.0472 -1.04254
-1.0472 -1.04255
-1.0472 -1.04256
-1.0472 -1.04257
-1.0472 -1.04258
-1.0472 -1.04259
-1.0472 -1.04261
-1.0472 -1.04262
-1.0472 -1.04263
-1.0472 -1.04264
-1.0472 -1.04265
-1.0472 -1.04266
-1.0472 -1.04267
-1.0472 -1.04268
-1.0472 -1.04269
-1.0472 -1.0427
-1.0472 -1.04271
-1.0472 -1.04273
-1.0472 -1.04274
-1.0472 -1.04275
-1.0472 -1.04276
-1.0472 -1.04277
-1.0472 -1.04278
-1.0472 -1.0428
-1.0472 -1.04281
-1.0472 -1.04282
-1.0472 -1.04283
-1.0472 -1.04284
-1.0472 -1.04286
-1.0472 -1.04287
-1.0472 -1.04288
-1.0472 -1.04289
-1.0472 -1.04291
-1.0472 -1.04292
-1.0472 -1.04293
-1.0472 -1.04294
-1.0472 -1.04296
-1.0472 -1.04297
-1.0472 -1.04298
-1.0472 -1.04299
-1.0472 -1.04301
-1.0472 -1.04302
-1.0472 -1.04303
-1.0472 -1.04305
-1.0472 -1.04306
-1.0472 -1.04307
-1.0472 -1.04309
-1.0472 -1.0431
-1.0472 -1.04311
-1.0472 -1.04313
-1.0472 -1.04314
-1.0472 -1.04316
-1.0472 -1.04317
-1.0472 -1.04318
-1.0472 -1.0432
-1.0472 -1.04321
-1.0472 -1.04323
-1.0472 -1.04324
-1.0472 -1.04325
-1.0472 -1.04327
-1.0472 -1.04328
-1.0472 -1.0433
-1.0472 -1.04331
-1.0472 -1.04333
-1.0472 -1.04334
-1.0472 -1.04336
-1.0472 -1.04337
-1.0472 -1.04339
-1.0472 -1.0434
-1.0472 -1.04342
-1.0472 -1.04343
-1.0472 -1.04345
-1.0472 -1.04346
-1.0472 -1.04348
-1.0472 -1.04349
-1.0472 -1.04351
-1.0472 -1.04352
-1.0472 -1.04354
-1.0472 -1.04356
-1.0472 -1.04357
-1.0472 -1.04359
-1.0472 -1.0436
-1.0472 -1.04362
-1.0472 -1.04364
-1.0472 -1.04365
-1.0472 -1.04367
-1.0472 -1.04368
-1.0472 -1.0437
-1.0472 -1.04372
-1.0472 -1.04373
-1.0472 -1.04375
-1.0472 -1.04376
-1.0472 -1.04378
-1.0472 -1.0438
-1.0472 -1.04381
-1.0472 -1.04383
-1.0472 -1.04385
-1.0472 -1.04386
-1.0472 -1.04388
-1.0472 -1.0439
-1.0472 -1.04392
-1.0472 -1.04393
-1.0472 -1.04395
-1.0472 -1.04397
-1.0472 -1.04398
-1.0472 -1.044
-1.0472 -1.04402
-1.0472 -1.04403
-1.0472 -1.04405
-1.0472 -1.04407
-1.0472 -1.04409
-1.0472 -1.04411
-1.0472 -1.04412
-1.0472 -1.04414
-1.0472 -1.04416
-1.0472 -1.04418
-1.0472 -1.04419
-1.0472 -1.04421
-1.0472 -1.04423
-1.0472 -1.04425
-1.0472 -1.04427
-1.0472 -1.04428
-1.0472 -1.0443
-1.0472 -1.04432
-1.0472 -1.04434
-1.0472 -1.04436
-1.0472 -1.04437
-1.0472 -1.04439
-1.0472 -1.04441
-1.0472 -1.04443
-1.0472 -1.04445
-1.0472 -1.04447
-1.0472 -1.04448
-1.0472 -1.0445
-1.0472 -1.04452
-1.0472 -1.04454
-1.0472 -1.04456
-1.0472 -1.04458
-1.0472 -1.0446
-1.0472 -1.04462
-1.0472 -1.04463
-1.0472 -1.04465
-1.0472 -1.04467
-1.0472 -1.04469
-1.0472 -1.04471
-1.0472 -1.04473
-1.0472 -1.04475
-1.0472 -1.04477
-1.0472 -1.04479
-1.0472 -1.04481
-1.0472 -1.04483
-1.0472 -1.04485
-1.0472 -1.04486
-1.0472 -1.04488
-1.0472 -1.0449
-1.0472 -1.04492
-1.0472 -1.04494
-1.0472 -1.04496
-1.0472 -1.04498
-1.0472 -1.045
-1.0472 -1.04502
-1.0472 -1.04504
-1.0472 -1.04506
-1.0472 -1.04508
-1.0472 -1.0451
-1.0472 -1.04512
-1.0472 -1.04514
-1.0472 -1.04516
-1.0472 -1.04518
-1.0472 -1.0452
-1.0472 -1.04522
-1.0472 -1.04524
-1.0472 -1.04526
-1.0472 -1.04528
-1.0472 -1.0453
-1.0472 -1.04532
