-0.436332 -0.522556
-0.436332 -0.522562
-0.436332 -0.522531
-0.436332 -0.522466
-0.436332 -0.522367
-0.436332 -0.522238
-0.436332 -0.522078
-0.436332 -0.521888
-0.436332 -0.521671
-0.436332 -0.521427
-0.436332 -0.521158
-0.436332 -0.520864
-0.436332 -0.520546
-0.436332 -0.520207
-0.436332 -0.519846
-0.436332 -0.519465
-0.436332 -0.519065
-0.436332 -0.518647
-0.436332 -0.518212
-0.436332 -0.51776
-0.436332 -0.517292
-0.436332 -0.516811
-0.436332 -0.516315
-0.436332 -0.515806
-0.436332 -0.515285
-0.436332 -0.514752
-0.436332 -0.514208
-0.436332 -0.513655
-0.436332 -0.513092
-0.436332 -0.512519
-0.436332 -0.51194
-0.436332 -0.511351
-0.436332 -0.510756
-0.436332 -0.510154
-0.436332 -0.509547
-0.436332 -0.508934
-0.436332 -0.508316
-0.436332 -0.507693
-0.436332 -0.507066
-0.436332 -0.506435
-0.436332 -0.505802
-0.436332 -0.505166
-0.436332 -0.504527
-0.436332 -0.503885
-0.436332 -0.503242
-0.436332 -0.502599
-0.436332 -0.501954
-0.436332 -0.501307
-0.436332 -0.500661
-0.436332 -0.500015
-0.436332 -0.499368
-0.436332 -0.498723
-0.436332 -0.498077
-0.436332 -0.497433
-0.436332 -0.49679
-0.436332 -0.496148
-0.436332 -0.495508
-0.436332 -0.49487
-0.436332 -0.494233
-0.436332 -0.493599
-0.436332 -0.492967
-0.436332 -0.492338
-0.436332 -0.491711
-0.436332 -0.491087
-0.436332 -0.490467
-0.436332 -0.489849
-0.436332 -0.489234
-0.436332 -0.488623
-0.436332 -0.488016
-0.436332 -0.487411
-0.436332 -0.486811
-0.436332 -0.486215
-0.436332 -0.485622
-0.436332 -0.485034
-0.436332 -0.484448
-0.436332 -0.483868
-0.436332 -0.483292
-0.436332 -0.48272
-0.436332 -0.482152
-0.436332 -0.481589
-0.436332 -0.48103
-0.436332 -0.480475
-0.436332 -0.479926
-0.436332 -0.479381
-0.436332 -0.47884
-0.436332 -0.478304
-0.436332 -0.477773
-0.436332 -0.477246
-0.436332 -0.476724
-0.436332 -0.476207
-0.436332 -0.475695
-0.436332 -0.475187
-0.436332 -0.474685
-0.436332 -0.474186
-0.436332 -0.473693
-0.436332 -0.473205
-0.436332 -0.472722
-0.436332 -0.472243
-0.436332 -0.47177
-0.436332 -0.471301
-0.436332 -0.470837
-0.436332 -0.470377
-0.436332 -0.469923
-0.436332 -0.469473
-0.436332 -0.469028
-0.436332 -0.468588
-0.436332 -0.468153
-0.436332 -0.467722
-0.436332 -0.467296
-0.436332 -0.466875
-0.436332 -0.466458
-0.436332 -0.466046
-0.436332 -0.46564
-0.436332 -0.465237
-0.436332 -0.464839
-0.436332 -0.464445
-0.436332 -0.464056
-0.436332 -0.463672
-0.436332 -0.463292
-0.436332 -0.462917
-0.436332 -0.462546
-0.436332 -0.462179
-0.436332 -0.461817
-0.436332 -0.46146
-0.436332 -0.461106
-0.436332 -0.460757
-0.436332 -0.460412
-0.436332 -0.460071
-0.436332 -0.459734
-0.436332 -0.459402
-0.436332 -0.459074
-0.436332 -0.45875
-0.436332 -0.45843
-0.436332 -0.458113
-0.436332 -0.457801
-0.436332 -0.457493
-0.436332 -0.457189
-0.436332 -0.456889
-0.436332 -0.456592
-0.436332 -0.456299
-0.436332 -0.456011
-0.436332 -0.455726
-0.436332 -0.455444
-0.436332 -0.455166
-0.436332 -0.454893
-0.436332 -0.454622
-0.436332 -0.454355
-0.436332 -0.454092
-0.436332 -0.453831
-0.436332 -0.453575
-0.436332 -0.453322
-0.436332 -0.453072
-0.436332 -0.452826
-0.436332 -0.452583
-0.436332 -0.452343
-0.436332 -0.452106
-0.436332 -0.451873
-0.436332 -0.451643
-0.436332 -0.451416
-0.436332 -0.451192
-0.436332 -0.450972
-0.436332 -0.450754
-0.436332 -0.450539
-0.436332 -0.450327
-0.436332 -0.450119
-0.436332 -0.449913
-0.436332 -0.44971
-0.436332 -0.44951
-0.436332 -0.449312
-0.436332 -0.449117
-0.436332 -0.448925
-0.436332 -0.448737
-0.436332 -0.44855
-0.436332 -0.448366
-0.436332 -0.448185
-0.436332 -0.448006
-0.436332 -0.44783
-0.436332 -0.447657
-0.436332 -0.447485
-0.436332 -0.447317
-0.436332 -0.447151
-0.436332 -0.446987
-0.436332 -0.446825
-0.436332 -0.446666
-0.436332 -0.446509
-0.436332 -0.446354
-0.436332 -0.446202
-0.436332 -0.446052
-0.436332 -0.445904
-0.436332 -0.445758
-0.436332 -0.445615
-0.436332 -0.445474
-0.436332 -0.445334
-0.436332 -0.445197
-0.436332 -0.445062
-0.436332 -0.444929
-0.436332 -0.444797
-0.436332 -0.444668
-0.436332 -0.444541
-0.436332 -0.444415
-0.436332 -0.444292
-0.436332 -0.44417
-0.436332 -0.44405
-0.436332 -0.443932
-0.436332 -0.443816
-0.436332 -0.443701
-0.436332 -0.443588
-0.436332 -0.443477
-0.436332 -0.443367
-0.436332 -0.44326
-0.436332 -0.443153
-0.436332 -0.443048
-0.436332 -0.442945
-0.436332 -0.442844
-0.436332 -0.442744
-0.436332 -0.442646
-0.436332 -0.442549
-0.436332 -0.442454
-0.436332 -0.44236
-0.436332 -0.442268
-0.436332 -0.442177
-0.436332 -0.442088
-0.436332 -0.441999
-0.436332 -0.441913
-0.436332 -0.441827
-0.436332 -0.441743
-0.436332 -0.44166
-0.436332 -0.441579
-0.436332 -0.441499
-0.436332 -0.44142
-0.436332 -0.441342
-0.436332 -0.441266
-0.436332 -0.441191
-0.436332 -0.441117
-0.436332 -0.441043
-0.436332 -0.440972
-0.436332 -0.440901
-0.436332 -0.440832
-0.436332 -0.440764
-0.436332 -0.440696
-0.436332 -0.44063
-0.436332 -0.440565
-0.436332 -0.440501
-0.436332 -0.440438
-0.436332 -0.440376
-0.436332 -0.440315
-0.436332 -0.440255
-0.436332 -0.440196
-0.436332 -0.440138
-0.436332 -0.440081
-0.436332 -0.440024
-0.436332 -0.439969
-0.436332 -0.439915
-0.436332 -0.439861
-0.436332 -0.439808
-0.436332 -0.439757
-0.436332 -0.439706
-0.436332 -0.439656
-0.436332 -0.439607
-0.436332 -0.439559
-0.436332 -0.439511
-0.436332 -0.439464
-0.436332 -0.439417
-0.436332 -0.439372
-0.436332 -0.439328
-0.436332 -0.439284
-0.436332 -0.439241
-0.436332 -0.439198
-0.436332 -0.439157
-0.436332 -0.439116
-0.436332 -0.439075
-0.436332 -0.439036
-0.436332 -0.438997
-0.436332 -0.438959
-0.436332 -0.438921
-0.436332 -0.438884
-0.436332 -0.438848
-0.436332 -0.438812
-0.436332 -0.438777
-0.436332 -0.438742
-0.436332 -0.438708
-0.436332 -0.438675
-0.436332 -0.438642
-0.436332 -0.43861
-0.436332 -0.438578
-0.436332 -0.438547
-0.436332 -0.438517
-0.436332 -0.438487
-0.436332 -0.438457
-0.436332 -0.438428
-0.436332 -0.4384
-0.436332 -0.438372
-0.436332 -0.438344
-0.436332 -0.438317
-0.436332 -0.438291
-0.436332 -0.438264
-0.436332 -0.438239
-0.436332 -0.438214
-0.436332 -0.438189
-0.436332 -0.438165
-0.436332 -0.438141
-0.436332 -0.438118
-0.436332 -0.438095
-0.436332 -0.438072
-0.436332 -0.43805
-0.436332 -0.438028
-0.436332 -0.438006
-0.436332 -0.437985
-0.436332 -0.437964
-0.436332 -0.437944
-0.436332 -0.437924
-0.436332 -0.437905
-0.436332 -0.437886
-0.436332 -0.437867
-0.436332 -0.437849
-0.436332 -0.43783
-0.436332 -0.437812
-0.436332 -0.437795
-0.436332 -0.437778
-0.436332 -0.437761
-0.436332 -0.437744
-0.436332 -0.437728
-0.436332 -0.437712
-0.436332 -0.437696
-0.436332 -0.437681
-0.436332 -0.437666
-0.436332 -0.437651
-0.436332 -0.437637
-0.436332 -0.437623
-0.436332 -0.437609
-0.436332 -0.437595
-0.436332 -0.437582
-0.436332 -0.437569
-0.436332 -0.437556
-0.436332 -0.437543
-0.436332 -0.437531
-0.436332 -0.437519
-0.436332 -0.437507
-0.436332 -0.437495
-0.436332 -0.437483
-0.436332 -0.437472
-0.436332 -0.437461
-0.436332 -0.43745
-0.436332 -0.437439
-0.436332 -0.437429
-0.436332 -0.437419
-0.436332 -0.437409
-0.436332 -0.437399
-0.436332 -0.43739
-0.436332 -0.43738
-0.436332 -0.437371
-0.436332 -0.437362
-0.436332 -0.437354
-0.436332 -0.437345
-0.436332 -0.437336
-0.436332 -0.437328
-0.436332 -0.43732
-0.436332 -0.437312
-0.436332 -0.437304
-0.436332 -0.437296
-0.436332 -0.437289
-0.436332 -0.437282
-0.436332 -0.437274
-0.436332 -0.437268
-0.436332 -0.437261
-0.436332 -0.437254
-0.436332 -0.437247
-0.436332 -0.437241
-0.436332 -0.437235
-0.436332 -0.437229
-0.436332 -0.437222
-0.436332 -0.437217
-0.436332 -0.437211
-0.436332 -0.437205
-0.436332 -0.4372
-0.436332 -0.437194
-0.436332 -0.437189
-0.436332 -0.437184
-0.436332 -0.437179
-0.436332 -0.437174
-0.436332 -0.437169
-0.436332 -0.437164
-0.436332 -0.43716
-0.436332 -0.437155
-0.436332 -0.43715
-0.436332 -0.437147
-0.436332 -0.437142
-0.436332 -0.437138
-0.436332 -0.437134
-0.436332 -0.43713
-0.436332 -0.437126
-0.436332 -0.437123
-0.436332 -0.437119
-0.436332 -0.437115
-0.436332 -0.437112
-0.436332 -0.437109
-0.436332 -0.437105
-0.436332 -0.437102
-0.436332 -0.437099
-0.436332 -0.437096
-0.436332 -0.437093
-0.436332 -0.437089
-0.436332 -0.437087
-0.436332 -0.437084
-0.436332 -0.437081
-0.436332 -0.437079
-0.436332 -0.437076
-0.436332 -0.437074
-0.436332 -0.437071
-0.436332 -0.437069
-0.436332 -0.437067
-0.436332 -0.437064
-0.436332 -0.437062
-0.436332 -0.43706
-0.436332 -0.437058
-0.436332 -0.437056
-0.436332 -0.437054
-0.436332 -0.437052
-0.436332 -0.43705
-0.436332 -0.437048
-0.436332 -0.437047
-0.436332 -0.437045
-0.436332 -0.437043
-0.436332 -0.437041
-0.436332 -0.43704
-0.436332 -0.437038
-0.436332 -0.437037
-0.436332 -0.437035
-0.436332 -0.437034
-0.436332 -0.437032
-0.436332 -0.437031
-0.436332 -0.43703
-0.436332 -0.437028
-0.436332 -0.437027
-0.436332 -0.437026
-0.436332 -0.437025
-0.436332 -0.437024
-0.436332 -0.437023
-0.436332 -0.437022
-0.436332 -0.437021
-0.436332 -0.43702
-0.436332 -0.437019
-0.436332 -0.437018
-0.436332 -0.437017
-0.436332 -0.437016
-0.436332 -0.437016
-0.436332 -0.437015
-0.436332 -0.437014
-0.436332 -0.437013
-0.436332 -0.437012
-0.436332 -0.437012
-0.436332 -0.437011
-0.436332 -0.43701
-0.436332 -0.43701
-0.436332 -0.437009
-0.436332 -0.437008
-0.436332 -0.437008
-0.436332 -0.437007
-0.436332 -0.437007
-0.436332 -0.437006
-0.436332 -0.437006
-0.436332 -0.437006
-0.436332 -0.437006
-0.436332 -0.437005
-0.436332 -0.437005
-0.436332 -0.437004
-0.436332 -0.437004
-0.436332 -0.437004
-0.436332 -0.437003
-0.436332 -0.437003
-0.436332 -0.437002
-0.436332 -0.437002
-0.436332 -0.437002
-0.436332 -0.437001
-0.436332 -0.437001
-0.436332 -0.437
-0.436332 -0.437
-0.436332 -0.437
-0.436332 -0.436999
-0.436332 -0.436999
-0.436332 -0.436999
-0.436332 -0.436999
-0.436332 -0.436999
-0.436332 -0.436998
-0.436332 -0.436998
-0.436332 -0.436998
-0.436332 -0.436998
-0.436332 -0.436998
-0.436332 -0.436997
-0.436332 -0.436997
-0.436332 -0.436997
-0.436332 -0.436997
-0.436332 -0.436997
-0.436332 -0.436996
-0.436332 -0.436996
-0.436332 -0.436996
-0.436332 -0.436996
-0.436332 -0.436996
-0.436332 -0.436996
-0.436332 -0.436996
-0.436332 -0.436996
-0.436332 -0.436996
-0.436332 -0.436995
-0.436332 -0.436995
-0.436332 -0.436995
-0.436332 -0.436995
-0.436332 -0.436995
-0.436332 -0.436995
-0.436332 -0.436995
-0.436332 -0.436995
-0.436332 -0.436994
-0.436332 -0.436994
-0.436332 -0.436994
-0.436332 -0.436994
-0.436332 -0.436994
-0.436332 -0.436994
-0.436332 -0.436994
-0.436332 -0.436994
-0.436332 -0.436993
-0.436332 -0.436993
-0.436332 -0.436993
-0.436332 -0.436993
-0.436332 -0.436993
-0.436332 -0.436993
-0.436332 -0.436992
-0.436332 -0.436992
-0.436332 -0.436992
-0.436332 -0.436992
-0.436332 -0.436991
-0.436332 -0.436991
-0.436332 -0.436991
-0.436332 -0.436991
-0.436332 -0.436991
-0.436332 -0.43699
-0.436332 -0.43699
-0.436332 -0.43699
-0.436332 -0.436989
-0.436332 -0.436989
-0.436332 -0.436989
-0.436332 -0.436989
-0.436332 -0.436989
-0.436332 -0.436988
-0.436332 -0.436988
-0.436332 -0.436988
-0.436332 -0.436987
-0.436332 -0.436987
-0.436332 -0.436987
-0.436332 -0.436986
-0.436332 -0.436986
-0.436332 -0.436986
-0.436332 -0.436985
-0.436332 -0.436985
-0.436332 -0.436985
-0.436332 -0.436985
-0.436332 -0.436985
-0.436332 -0.436984
-0.436332 -0.436984
-0.436332 -0.436984
-0.436332 -0.436984
-0.436332 -0.436983
-0.436332 -0.436983
-0.436332 -0.436982
-0.436332 -0.436982
-0.436332 -0.436981
-0.436332 -0.436981
-0.436332 -0.436981
-0.436332 -0.43698
-0.436332 -0.43698
-0.436332 -0.436979
-0.436332 -0.436979
-0.436332 -0.436978
-0.436332 -0.436978
-0.436332 -0.436977
-0.436332 -0.436977
-0.436332 -0.436976
-0.436332 -0.436976
-0.436332 -0.436975
-0.436332 -0.436975
-0.436332 -0.436974
-0.436332 -0.436974
-0.436332 -0.436973
-0.436332 -0.436973
-0.436332 -0.436972
-0.436332 -0.436971
-0.436332 -0.436971
-0.436332 -0.43697
-0.436332 -0.43697
-0.436332 -0.436969
-0.436332 -0.436968
-0.436332 -0.436968
-0.436332 -0.436967
-0.436332 -0.436966
-0.436332 -0.436966
-0.436332 -0.436965
-0.436332 -0.436965
-0.436332 -0.436964
-0.436332 -0.436963
-0.436332 -0.436962
-0.436332 -0.436962
-0.436332 -0.436961
-0.436332 -0.43696
-0.436332 -0.436959
-0.436332 -0.436959
-0.436332 -0.436958
-0.436332 -0.436957
-0.436332 -0.436956
-0.436332 -0.436955
-0.436332 -0.436954
-0.436332 -0.436954
-0.436332 -0.436953
-0.436332 -0.436952
-0.436332 -0.436951
-0.436332 -0.43695
-0.436332 -0.436949
-0.436332 -0.436948
-0.436332 -0.436947
-0.436332 -0.436946
-0.436332 -0.436946
-0.436332 -0.436945
-0.436332 -0.436944
-0.436332 -0.436943
-0.436332 -0.436942
-0.436332 -0.436941
-0.436332 -0.43694
-0.436332 -0.436939
-0.436332 -0.436938
-0.436332 -0.436937
-0.436332 -0.436936
-0.436332 -0.436935
-0.436332 -0.436934
-0.436332 -0.436933
-0.436332 -0.436932
-0.436332 -0.436931
-0.436332 -0.43693
-0.436332 -0.436928
-0.436332 -0.436927
-0.436332 -0.436926
-0.436332 -0.436925
-0.436332 -0.436924
-0.436332 -0.436923
-0.436332 -0.436922
-0.436332 -0.43692
-0.436332 -0.436919
-0.436332 -0.436918
-0.436332 -0.436917
-0.436332 -0.436916
-0.436332 -0.436914
-0.436332 -0.436913
-0.436332 -0.436912
-0.436332 -0.436911
-0.436332 -0.43691
-0.436332 -0.436908
-0.436332 -0.436907
-0.436332 -0.436906
-0.436332 -0.436904
-0.436332 -0.436903
-0.436332 -0.436902
-0.436332 -0.436901
-0.436332 -0.436899
-0.436332 -0.436898
-0.436332 -0.436897
-0.436332 -0.436895
-0.436332 -0.436894
-0.436332 -0.436893
-0.436332 -0.436891
-0.436332 -0.43689
-0.436332 -0.436888
-0.436332 -0.436887
-0.436332 -0.436885
-0.436332 -0.436884
-0.436332 -0.436883
-0.436332 -0.436882
-0.436332 -0.43688
-0.436332 -0.436879
-0.436332 -0.436877
-0.436332 -0.436875
-0.436332 -0.436874
-0.436332 -0.436872
-0.436332 -0.436871
-0.436332 -0.436869
-0.436332 -0.436868
-0.436332 -0.436866
-0.436332 -0.436865
-0.436332 -0.436863
-0.436332 -0.436862
-0.436332 -0.436861
-0.436332 -0.436859
-0.436332 -0.436857
-0.436332 -0.436855
-0.436332 -0.436854
-0.436332 -0.436852
-0.436332 -0.436851
-0.436332 -0.436849
-0.436332 -0.436847
-0.436332 -0.436846
-0.436332 -0.436844
-0.436332 -0.436842
-0.436332 -0.436841
-0.436332 -0.43684
-0.436332 -0.436838
-0.436332 -0.436836
-0.436332 -0.436834
-0.436332 -0.436832
-0.436332 -0.436831
-0.436332 -0.436829
-0.436332 -0.436828
-0.436332 -0.436826
-0.436332 -0.436824
-0.436332 -0.436822
-0.436332 -0.436821
-0.436332 -0.436819
-0.436332 -0.436817
-0.436332 -0.436815
-0.436332 -0.436813
-0.436332 -0.436811
-0.436332 -0.43681
-0.436332 -0.436808
-0.436332 -0.436806
-0.436332 -0.436804
-0.436332 -0.436803
-0.436332 -0.436801
-0.436332 -0.436799
-0.436332 -0.436797
-0.436332 -0.436796
-0.436332 -0.436794
-0.436332 -0.436792
-0.436332 -0.43679
-0.436332 -0.436788
-0.436332 -0.436786
-0.436332 -0.436784
-0.436332 -0.436782
-0.436332 -0.43678
-0.436332 -0.436779
-0.436332 -0.436777
-0.436332 -0.436774
-0.436332 -0.436773
-0.436332 -0.436771
-0.436332 -0.436769
-0.436332 -0.436767
-0.436332 -0.436765
-0.436332 -0.436763
-0.436332 -0.43676
-0.436332 -0.436759
-0.436332 -0.436757
-0.436332 -0.436755
-0.436332 -0.436753
-0.436332 -0.436751
-0.436332 -0.436749
-0.436332 -0.436747
-0.436332 -0.436745
-0.436332 -0.436743
-0.436332 -0.436741
-0.436332 -0.436738
-0.436332 -0.436737
-0.436332 -0.436735
-0.436332 -0.436732
-0.436332 -0.43673
-0.436332 -0.436728
-0.436332 -0.436726
-0.436332 -0.436724
-0.436332 -0.436722
-0.436332 -0.43672
-0.436332 -0.436718
-0.436332 -0.436716
-0.436332 -0.436714
-0.436332 -0.436711
-0.436332 -0.436709
-0.436332 -0.436707
-0.436332 -0.436705
-0.436332 -0.436703
-0.436332 -0.436701
-0.436332 -0.436698
-0.436332 -0.436697
-0.436332 -0.436694
-0.436332 -0.436692
-0.436332 -0.43669
-0.436332 -0.436688
-0.436332 -0.436686
-0.436332 -0.436683
-0.436332 -0.436681
-0.436332 -0.436679
-0.436332 -0.436677
-0.436332 -0.436675
-0.436332 -0.436673
-0.436332 -0.43667
-0.436332 -0.436668
-0.436332 -0.436666
-0.436332 -0.436664
-0.436332 -0.436661
-0.436332 -0.436659
-0.436332 -0.436657
-0.436332 -0.436655
-0.436332 -0.436653
-0.436332 -0.43665
-0.436332 -0.436648
-0.436332 -0.436646
-0.436332 -0.436643
-0.436332 -0.436641
-0.436332 -0.436639
-0.436332 -0.436636
-0.436332 -0.436635
-0.436332 -0.436632
-0.436332 -0.43663
-0.436332 -0.436628
-0.436332 -0.436625
-0.436332 -0.436623
-0.436332 -0.436621
-0.436332 -0.436618
-0.436332 -0.436616
-0.436332 -0.436614
-0.436332 -0.436612
-0.436332 -0.436609
-0.436332 -0.436607
-0.436332 -0.436605
-0.436332 -0.436603
-0.436332 -0.4366
-0.436332 -0.436598
-0.436332 -0.436595
-0.436332 -0.436594
-0.436332 -0.436591
-0.436332 -0.436589
-0.436332 -0.436586
-0.436332 -0.436584
-0.436332 -0.436582
-0.436332 -0.43658
-0.436332 -0.436577
-0.436332 -0.436575
-0.436332 -0.436573
-0.436332 -0.436571
-0.436332 -0.436568
-0.436332 -0.436566
-0.436332 -0.436563
-0.436332 -0.436561
-0.436332 -0.436559
-0.436332 -0.436556
-0.436332 -0.436554
-0.436332 -0.436552
-0.436332 -0.436549
-0.436332 -0.436547
-0.436332 -0.436544
-0.436332 -0.436542
-0.436332 -0.43654
-0.436332 -0.436538
-0.436332 -0.436535
-0.436332 -0.436533
-0.436332 -0.436531
-0.436332 -0.436528
-0.436332 -0.436526
-0.436332 -0.436524
-0.436332 -0.436521
-0.436332 -0.436519
-0.436332 -0.436516
-0.436332 -0.436514
-0.436332 -0.436512
-0.436332 -0.43651
-0.436332 -0.436507
-0.436332 -0.436505
-0.436332 -0.436502
-0.436332 -0.4365
-0.436332 -0.436498
-0.436332 -0.436495
-0.436332 -0.436493
-0.436332 -0.436491
-0.436332 -0.436489
-0.436332 -0.436486
-0.436332 -0.436484
-0.436332 -0.436481
-0.436332 -0.436479
-0.436332 -0.436477
-0.436332 -0.436474
-0.436332 -0.436472
-0.436332 -0.43647
-0.436332 -0.436467
-0.436332 -0.436465
-0.436332 -0.436462
-0.436332 -0.43646
-0.436332 -0.436458
-0.436332 -0.436456
-0.436332 -0.436453
-0.436332 -0.436451
-0.436332 -0.436449
-0.436332 -0.436446
-0.436332 -0.436444
-0.436332 -0.436442
-0.436332 -0.436439
-0.436332 -0.436437
-0.436332 -0.436435
-0.436332 -0.436432
-0.436332 -0.43643
-0.436332 -0.436428
-0.436332 -0.436425
-0.436332 -0.436423
-0.436332 -0.43642
-0.436332 -0.436418
-0.436332 -0.436416
-0.436332 -0.436413
-0.436332 -0.436411
-0.436332 -0.436409
-0.436332 -0.436407
-0.436332 -0.436405
-0.436332 -0.436402
-0.436332 -0.4364
-0.436332 -0.436397
-0.436332 -0.436395
-0.436332 -0.436393
-0.436332 -0.43639
-0.436332 -0.436388
-0.436332 -0.436386
-0.436332 -0.436383
-0.436332 -0.436381
-0.436332 -0.436379
-0.436332 -0.436377
-0.436332 -0.436374
-0.436332 -0.436372
-0.436332 -0.436369
-0.436332 -0.436368
-0.436332 -0.436365
-0.436332 -0.436363
-0.436332 -0.43636
-0.436332 -0.436358
-0.436332 -0.436356
-0.436332 -0.436354
-0.436332 -0.436351
-0.436332 -0.436349
-0.436332 -0.436347
-0.436332 -0.436345
-0.436332 -0.436342
-0.436332 -0.43634
-0.436332 -0.436337
-0.436332 -0.436335
-0.436332 -0.436333
-0.436332 -0.436331
-0.436332 -0.436328
-0.436332 -0.436327
-0.436332 -0.436324
-0.436332 -0.436322
-0.436332 -0.43632
-0.436332 -0.436317
-0.436332 -0.436315
-0.436332 -0.436313
-0.436332 -0.436311
-0.436332 -0.436308
-0.436332 -0.436306
-0.436332 -0.436304
-0.436332 -0.436302
-0.436332 -0.4363
-0.436332 -0.436297
-0.436332 -0.436295
-0.436332 -0.436293
-0.436332 -0.436291
-0.436332 -0.436289
-0.436332 -0.436286
-0.436332 -0.436285
-0.436332 -0.436282
-0.436332 -0.43628
-0.436332 -0.436278
-0.436332 -0.436276
-0.436332 -0.436274
-0.436332 -0.436271
-0.436332 -0.436269
-0.436332 -0.436267
-0.436332 -0.436265
-0.436332 -0.436263
-0.436332 -0.436261
-0.436332 -0.436259
-0.436332 -0.436256
-0.436332 -0.436254
-0.436332 -0.436252
-0.436332 -0.43625
-0.436332 -0.436248
-0.436332 -0.436246
-0.436332 -0.436244
-0.436332 -0.436242
-0.436332 -0.436239
-0.436332 -0.436237
-0.436332 -0.436235
-0.436332 -0.436233
-0.436332 -0.436231
-0.436332 -0.436229
-0.436332 -0.436227
-0.436332 -0.436225
-0.436332 -0.436223
-0.436332 -0.436221
-0.436332 -0.436219
-0.436332 -0.436217
-0.436332 -0.436214
-0.436332 -0.436213
-0.436332 -0.436211
-0.436332 -0.436208
-0.436332 -0.436206
-0.436332 -0.436204
-0.436332 -0.436203
-0.436332 -0.436201
-0.436332 -0.436198
-0.436332 -0.436196
-0.436332 -0.436194
-0.436332 -0.436192
-0.436332 -0.43619
-0.436332 -0.436188
-0.436332 -0.436186
-0.436332 -0.436184
-0.436332 -0.436182
-0.436332 -0.43618
-0.436332 -0.436178
-0.436332 -0.436176
-0.436332 -0.436174
-0.436332 -0.436172
-0.436332 -0.436171
-0.436332 -0.436169
-0.436332 -0.436167
-0.436332 -0.436165
-0.436332 -0.436163
-0.436332 -0.436161
-0.436332 -0.436159
-0.436332 -0.436157
-0.436332 -0.436155
-0.436332 -0.436153
-0.436332 -0.436151
-0.436332 -0.43615
-0.436332 -0.436148
-0.436332 -0.436146
-0.436332 -0.436144
-0.436332 -0.436142
-0.436332 -0.43614
-0.436332 -0.436139
-0.436332 -0.436137
-0.436332 -0.436135
-0.436332 -0.436133
-0.436332 -0.436131
-0.436332 -0.436129
-0.436332 -0.436127
-0.436332 -0.436125
-0.436332 -0.436124
-0.436332 -0.436122
-0.436332 -0.43612
-0.436332 -0.436119
-0.436332 -0.436117
-0.436332 -0.436115
-0.436332 -0.436113
-0.436332 -0.436111
-0.436332 -0.43611
-0.436332 -0.436108
-0.436332 -0.436106
-0.436332 -0.436104
-0.436332 -0.436102
-0.436332 -0.4361
-0.436332 -0.436099
-0.436332 -0.436097
-0.436332 -0.436096
-0.436332 -0.436094
-0.436332 -0.436092
-0.436332 -0.43609
-0.436332 -0.436089
-0.436332 -0.436087
-0.436332 -0.436085
-0.436332 -0.436084
-0.436332 -0.436082
-0.436332 -0.43608
-0.436332 -0.436079
-0.436332 -0.436077
-0.436332 -0.436076
-0.436332 -0.436074
-0.436332 -0.436072
-0.436332 -0.436071
-0.436332 -0.436069
-0.436332 -0.436068
-0.436332 -0.436066
-0.436332 -0.436064
-0.436332 -0.436063
-0.436332 -0.436061
-0.436332 -0.43606
-0.436332 -0.436059
-0.436332 -0.436057
-0.436332 -0.436055
-0.436332 -0.436054
-0.436332 -0.436052
-0.436332 -0.43605
-0.436332 -0.436049
-0.436332 -0.436048
-0.436332 -0.436046
-0.436332 -0.436045
-0.436332 -0.436043
-0.436332 -0.436041
-0.436332 -0.43604
-0.436332 -0.436038
-0.436332 -0.436037
-0.436332 -0.436036
-0.436332 -0.436034
-0.436332 -0.436033
-0.436332 -0.436031
-0.436332 -0.43603
-0.436332 -0.436028
-0.436332 -0.436027
-0.436332 -0.436026
-0.436332 -0.436024
-0.436332 -0.436023
-0.436332 -0.436021
-0.436332 -0.43602
-0.436332 -0.436018
-0.436332 -0.436018
-0.436332 -0.436016
-0.436332 -0.436015
-0.436332 -0.436013
-0.436332 -0.436012
-0.436332 -0.43601
-0.436332 -0.436009
-0.436332 -0.436008
-0.436332 -0.436007
-0.436332 -0.436005
-0.436332 -0.436004
-0.436332 -0.436002
-0.436332 -0.436001
-0.436332 -0.436
-0.436332 -0.435998
-0.436332 -0.435997
-0.436332 -0.435996
-0.436332 -0.435995
-0.436332 -0.435994
-0.436332 -0.435992
-0.436332 -0.435991
-0.436332 -0.43599
-0.436332 -0.435988
-0.436332 -0.435987
-0.436332 -0.435986
-0.436332 -0.435985
-0.436332 -0.435984
-0.436332 -0.435982
-0.436332 -0.435981
-0.436332 -0.43598
-0.436332 -0.435979
-0.436332 -0.435977
-0.436332 -0.435977
-0.436332 -0.435976
-0.436332 -0.435974
-0.436332 -0.435973
-0.436332 -0.435972
-0.436332 -0.435971
-0.436332 -0.43597
-0.436332 -0.435969
-0.436332 -0.435967
-0.436332 -0.435966
-0.436332 -0.435966
-0.436332 -0.435964
-0.436332 -0.435963
-0.436332 -0.435962
-0.436332 -0.435961
-0.436332 -0.43596
-0.436332 -0.435959
-0.436332 -0.435958
-0.436332 -0.435957
-0.436332 -0.435956
-0.436332 -0.435956
-0.436332 -0.435955
-0.436332 -0.435953
-0.436332 -0.435952
-0.436332 -0.435951
-0.436332 -0.43595
-0.436332 -0.435949
-0.436332 -0.435948
-0.436332 -0.435947
-0.436332 -0.435947
-0.436332 -0.435946
-0.436332 -0.435945
-0.436332 -0.435944
-0.436332 -0.435943
-0.436332 -0.435942
-0.436332 -0.435941
-0.436332 -0.43594
-0.436332 -0.43594
-0.436332 -0.435939
-0.436332 -0.435938
-0.436332 -0.435937
-0.436332 -0.435936
-0.436332 -0.435935
-0.436332 -0.435935
-0.436332 -0.435934
-0.436332 -0.435933
-0.436332 -0.435932
-0.436332 -0.435932
-0.436332 -0.435931
-0.436332 -0.43593
-0.436332 -0.435929
-0.436332 -0.435928
-0.436332 -0.435928
-0.436332 -0.435927
-0.436332 -0.435926
-0.436332 -0.435925
-0.436332 -0.435925
-0.436332 -0.435924
-0.436332 -0.435924
-0.436332 -0.435923
-0.436332 -0.435922
-0.436332 -0.435922
-0.436332 -0.435921
-0.436332 -0.43592
-0.436332 -0.43592
-0.436332 -0.435919
-0.436332 -0.435918
-0.436332 -0.435917
-0.436332 -0.435917
-0.436332 -0.435916
-0.436332 -0.435915
-0.436332 -0.435915
-0.436332 -0.435915
-0.436332 -0.435914
-0.436332 -0.435914
-0.436332 -0.435913
-0.436332 -0.435912
-0.436332 -0.435912
-0.436332 -0.435911
-0.436332 -0.435911
-0.436332 -0.43591
-0.436332 -0.43591
-0.436332 -0.435909
-0.436332 -0.435908
-0.436332 -0.435908
-0.436332 -0.435907
-0.436332 -0.435907
-0.436332 -0.435906
-0.436332 -0.435906
-0.436332 -0.435905
-0.436332 -0.435905
-0.436332 -0.435905
-0.436332 -0.435904
-0.436332 -0.435904
-0.436332 -0.435903
-0.436332 -0.435903
-0.436332 -0.435902
-0.436332 -0.435902
-0.436332 -0.435901
-0.436332 -0.435901
-0.436332 -0.435901
-0.436332 -0.4359
-0.436332 -0.4359
-0.436332 -0.435899
-0.436332 -0.435899
-0.436332 -0.435899
-0.436332 -0.435898
-0.436332 -0.435898
-0.436332 -0.435898
-0.436332 -0.435897
-0.436332 -0.435897
-0.436332 -0.435897
-0.436332 -0.435897
-0.436332 -0.435896
-0.436332 -0.435896
-0.436332 -0.435896
-0.436332 -0.435895
-0.436332 -0.435895
-0.436332 -0.435895
-0.436332 -0.435894
-0.436332 -0.435894
-0.436332 -0.435894
-0.436332 -0.435894
-0.436332 -0.435894
-0.436332 -0.435894
-0.436332 -0.435894
-0.436332 -0.435893
-0.436332 -0.435893
-0.436332 -0.435893
-0.436332 -0.435893
-0.436332 -0.435893
-0.436332 -0.435892
-0.436332 -0.435892
-0.436332 -0.435892
-0.436332 -0.435892
-0.436332 -0.435892
-0.436332 -0.435891
-0.436332 -0.435891
-0.436332 -0.435891
-0.436332 -0.435891
-0.436332 -0.435891
-0.436332 -0.435891
-0.436332 -0.435891
-0.436332 -0.435891
-0.436332 -0.43589
-0.436332 -0.43589
-0.436332 -0.43589
-0.436332 -0.43589
-0.436332 -0.43589
-0.436332 -0.43589
-0.436332 -0.43589
-0.436332 -0.43589
-0.436332 -0.43589
-0.436332 -0.43589
-0.436332 -0.43589
-0.436332 -0.43589
-0.436332 -0.43589
-0.436332 -0.43589
-0.436332 -0.43589
-0.436332 -0.43589
-0.436332 -0.43589
-0.436332 -0.43589
-0.436332 -0.43589
-0.436332 -0.43589
-0.436332 -0.43589
-0.436332 -0.43589
-0.436332 -0.43589
-0.436332 -0.43589
-0.436332 -0.43589
-0.436332 -0.43589
-0.436332 -0.43589
-0.436332 -0.43589
-0.436332 -0.43589
-0.436332 -0.435891
-0.436332 -0.435891
-0.436332 -0.435891
-0.436332 -0.435891
-0.436332 -0.435891
-0.436332 -0.435891
-0.436332 -0.435891
-0.436332 -0.435891
-0.436332 -0.435891
-0.436332 -0.435892
-0.436332 -0.435892
-0.436332 -0.435892
-0.436332 -0.435892
-0.436332 -0.435892
-0.436332 -0.435893
-0.436332 -0.435893
-0.436332 -0.435893
-0.436332 -0.435893
-0.436332 -0.435893
-0.436332 -0.435894
-0.436332 -0.435894
-0.436332 -0.435894
-0.436332 -0.435894
-0.436332 -0.435894
-0.436332 -0.435894
-0.436332 -0.435894
-0.436332 -0.435895
-0.436332 -0.435895
-0.436332 -0.435895
-0.436332 -0.435896
-0.436332 -0.435896
-0.436332 -0.435896
-0.436332 -0.435896
-0.436332 -0.435897
-0.436332 -0.435897
-0.436332 -0.435897
-0.436332 -0.435898
-0.436332 -0.435898
-0.436332 -0.435898
-0.436332 -0.435899
-0.436332 -0.435899
-0.436332 -0.435899
-0.436332 -0.4359
-0.436332 -0.4359
-0.436332 -0.435901
-0.436332 -0.435901
-0.436332 -0.435901
-0.436332 -0.435902
-0.436332 -0.435902
-0.436332 -0.435903
-0.436332 -0.435903
-0.436332 -0.435903
-0.436332 -0.435904
-0.436332 -0.435904
-0.436332 -0.435905
-0.436332 -0.435905
-0.436332 -0.435905
-0.436332 -0.435906
-0.436332 -0.435906
-0.436332 -0.435907
-0.436332 -0.435907
-0.436332 -0.435908
-0.436332 -0.435908
-0.436332 -0.435909
-0.436332 -0.43591
-0.436332 -0.43591
-0.436332 -0.43591
-0.436332 -0.435911
-0.436332 -0.435912
-0.436332 -0.435912
-0.436332 -0.435913
-0.436332 -0.435913
-0.436332 -0.435914
-0.436332 -0.435914
-0.436332 -0.435915
-0.436332 -0.435915
-0.436332 -0.435915
-0.436332 -0.435916
-0.436332 -0.435917
-0.436332 -0.435917
-0.436332 -0.435918
-0.436332 -0.435918
-0.436332 -0.435919
-0.436332 -0.43592
-0.436332 -0.43592
-0.436332 -0.435921
-0.436332 -0.435922
-0.436332 -0.435922
-0.436332 -0.435923
-0.436332 -0.435924
-0.436332 -0.435924
-0.436332 -0.435925
-0.436332 -0.435925
-0.436332 -0.435926
-0.436332 -0.435927
-0.436332 -0.435927
-0.436332 -0.435928
-0.436332 -0.435929
-0.436332 -0.43593
-0.436332 -0.43593
-0.436332 -0.435931
-0.436332 -0.435932
-0.436332 -0.435933
-0.436332 -0.435933
-0.436332 -0.435934
-0.436332 -0.435935
-0.436332 -0.435935
-0.436332 -0.435936
-0.436332 -0.435936
-0.436332 -0.435937
-0.436332 -0.435938
-0.436332 -0.435939
-0.436332 -0.43594
-0.436332 -0.43594
-0.436332 -0.435941
-0.436332 -0.435942
-0.436332 -0.435943
-0.436332 -0.435944
-0.436332 -0.435944
-0.436332 -0.435945
-0.436332 -0.435946
-0.436332 -0.435947
-0.436332 -0.435947
-0.436332 -0.435948
-0.436332 -0.435949
-0.436332 -0.43595
-0.436332 -0.435951
-0.436332 -0.435952
-0.436332 -0.435953
-0.436332 -0.435953
-0.436332 -0.435954
-0.436332 -0.435955
-0.436332 -0.435956
-0.436332 -0.435956
-0.436332 -0.435957
-0.436332 -0.435958
-0.436332 -0.435959
-0.436332 -0.43596
-0.436332 -0.435961
-0.436332 -0.435962
-0.436332 -0.435962
-0.436332 -0.435963
-0.436332 -0.435964
-0.436332 -0.435965
-0.436332 -0.435966
-0.436332 -0.435966
-0.436332 -0.435967
-0.436332 -0.435968
-0.436332 -0.435969
-0.436332 -0.43597
-0.436332 -0.435971
-0.436332 -0.435972
-0.436332 -0.435973
-0.436332 -0.435974
-0.436332 -0.435975
-0.436332 -0.435976
-0.436332 -0.435976
-0.436332 -0.435977
-0.436332 -0.435978
-0.436332 -0.435979
-0.436332 -0.43598
-0.436332 -0.435981
-0.436332 -0.435982
-0.436332 -0.435983
-0.436332 -0.435984
-0.436332 -0.435985
-0.436332 -0.435986
-0.436332 -0.435987
-0.436332 -0.435987
-0.436332 -0.435988
-0.436332 -0.435989
-0.436332 -0.43599
-0.436332 -0.435991
-0.436332 -0.435992
-0.436332 -0.435993
-0.436332 -0.435994
-0.436332 -0.435995
-0.436332 -0.435996
-0.436332 -0.435997
-0.436332 -0.435998
-0.436332 -0.435999
-0.436332 -0.436
-0.436332 -0.436001
-0.436332 -0.436002
-0.436332 -0.436003
-0.436332 -0.436004
-0.436332 -0.436005
-0.436332 -0.436006
-0.436332 -0.436007
-0.436332 -0.436008
-0.436332 -0.436009
-0.436332 -0.43601
-0.436332 -0.436011
-0.436332 -0.436012
-0.436332 -0.436013
-0.436332 -0.436014
-0.436332 -0.436015
-0.436332 -0.436016
-0.436332 -0.436017
-0.436332 -0.436018
-0.436332 -0.436019
-0.436332 -0.43602
-0.436332 -0.436021
-0.436332 -0.436022
-0.436332 -0.436023
-0.436332 -0.436024
-0.436332 -0.436025
-0.436332 -0.436026
-0.436332 -0.436027
-0.436332 -0.436028
-0.436332 -0.436029
-0.436332 -0.43603
-0.436332 -0.436031
-0.436332 -0.436032
-0.436332 -0.436034
-0.436332 -0.436035
-0.436332 -0.436036
-0.436332 -0.436037
-0.436332 -0.436038
-0.436332 -0.436039
-0.436332 -0.43604
-0.436332 -0.436041
-0.436332 -0.436042
-0.436332 -0.436043
-0.436332 -0.436044
-0.436332 -0.436046
-0.436332 -0.436047
-0.436332 -0.436048
-0.436332 -0.436049
-0.436332 -0.43605
-0.436332 -0.436051
-0.436332 -0.436052
-0.436332 -0.436053
-0.436332 -0.436054
-0.436332 -0.436055
-0.436332 -0.436057
-0.436332 -0.436058
-0.436332 -0.436059
-0.436332 -0.436059
-0.436332 -0.436061
-0.436332 -0.436062
-0.436332 -0.436063
-0.436332 -0.436064
-0.436332 -0.436065
-0.436332 -0.436067
-0.436332 -0.436068
-0.436332 -0.436069
-0.436332 -0.43607
-0.436332 -0.436071
-0.436332 -0.436072
-0.436332 -0.436073
-0.436332 -0.436075
-0.436332 -0.436076
-0.436332 -0.436077
-0.436332 -0.436078
-0.436332 -0.436079
-0.436332 -0.43608
-0.436332 -0.436081
-0.436332 -0.436082
-0.436332 -0.436083
-0.436332 -0.436085
-0.436332 -0.436086
-0.436332 -0.436087
-0.436332 -0.436088
-0.436332 -0.43609
-0.436332 -0.43609
-0.436332 -0.436092
-0.436332 -0.436093
-0.436332 -0.436094
-0.436332 -0.436095
-0.436332 -0.436096
-0.436332 -0.436098
-0.436332 -0.436099
-0.436332 -0.4361
-0.436332 -0.436101
-0.436332 -0.436102
-0.436332 -0.436103
-0.436332 -0.436104
-0.436332 -0.436106
-0.436332 -0.436107
-0.436332 -0.436108
-0.436332 -0.436109
-0.436332 -0.43611
-0.436332 -0.436111
-0.436332 -0.436112
-0.436332 -0.436114
-0.436332 -0.436115
-0.436332 -0.436116
-0.436332 -0.436117
-0.436332 -0.436119
-0.436332 -0.43612
-0.436332 -0.436121
-0.436332 -0.436122
-0.436332 -0.436123
-0.436332 -0.436124
-0.436332 -0.436125
-0.436332 -0.436127
-0.436332 -0.436128
-0.436332 -0.436129
-0.436332 -0.43613
-0.436332 -0.436131
-0.436332 -0.436132
-0.436332 -0.436134
-0.436332 -0.436135
-0.436332 -0.436136
-0.436332 -0.436137
-0.436332 -0.436139
-0.436332 -0.43614
-0.436332 -0.436141
-0.436332 -0.436142
-0.436332 -0.436143
-0.436332 -0.436144
-0.436332 -0.436146
-0.436332 -0.436147
-0.436332 -0.436148
-0.436332 -0.436149
-0.436332 -0.436151
-0.436332 -0.436152
-0.436332 -0.436153
-0.436332 -0.436154
-0.436332 -0.436155
-0.436332 -0.436156
-0.436332 -0.436158
-0.436332 -0.436159
-0.436332 -0.43616
-0.436332 -0.436161
-0.436332 -0.436162
-0.436332 -0.436163
-0.436332 -0.436165
-0.436332 -0.436166
-0.436332 -0.436167
-0.436332 -0.436168
-0.436332 -0.436169
-0.436332 -0.436171
-0.436332 -0.436172
-0.436332 -0.436173
-0.436332 -0.436174
-0.436332 -0.436175
-0.436332 -0.436176
-0.436332 -0.436177
-0.436332 -0.436179
-0.436332 -0.43618
-0.436332 -0.436181
-0.436332 -0.436182
-0.436332 -0.436183
-0.436332 -0.436184
-0.436332 -0.436185
-0.436332 -0.436187
-0.436332 -0.436188
-0.436332 -0.436189
-0.436332 -0.43619
-0.436332 -0.436191
-0.436332 -0.436192
-0.436332 -0.436193
-0.436332 -0.436195
-0.436332 -0.436196
-0.436332 -0.436197
-0.436332 -0.436198
-0.436332 -0.436199
-0.436332 -0.436201
-0.436332 -0.436202
-0.436332 -0.436203
-0.436332 -0.436204
-0.436332 -0.436205
-0.436332 -0.436206
-0.436332 -0.436207
-0.436332 -0.436208
-0.436332 -0.43621
-0.436332 -0.436211
-0.436332 -0.436212
-0.436332 -0.436213
-0.436332 -0.436214
-0.436332 -0.436215
-0.436332 -0.436216
-0.436332 -0.436218
-0.436332 -0.436219
-0.436332 -0.43622
-0.436332 -0.436221
-0.436332 -0.436223
-0.436332 -0.436224
-0.436332 -0.436224
-0.436332 -0.436225
-0.436332 -0.436227
-0.436332 -0.436228
-0.436332 -0.436229
-0.436332 -0.43623
-0.436332 -0.436231
-0.436332 -0.436232
-0.436332 -0.436234
-0.436332 -0.436234
-0.436332 -0.436236
-0.436332 -0.436237
-0.436332 -0.436238
-0.436332 -0.436239
-0.436332 -0.43624
-0.436332 -0.436241
-0.436332 -0.436243
-0.436332 -0.436244
-0.436332 -0.436244
-0.436332 -0.436245
-0.436332 -0.436247
-0.436332 -0.436248
-0.436332 -0.436249
-0.436332 -0.43625
-0.436332 -0.436251
-0.436332 -0.436252
-0.436332 -0.436253
-0.436332 -0.436254
-0.436332 -0.436255
-0.436332 -0.436256
-0.436332 -0.436257
-0.436332 -0.436259
-0.436332 -0.43626
-0.436332 -0.436261
-0.436332 -0.436262
-0.436332 -0.436263
-0.436332 -0.436264
-0.436332 -0.436265
-0.436332 -0.436266
-0.436332 -0.436267
-0.436332 -0.436268
-0.436332 -0.436269
-0.436332 -0.43627
-0.436332 -0.436271
-0.436332 -0.436272
-0.436332 -0.436273
-0.436332 -0.436274
-0.436332 -0.436275
-0.436332 -0.436276
-0.436332 -0.436277
-0.436332 -0.436278
-0.436332 -0.43628
-0.436332 -0.436281
-0.436332 -0.436282
-0.436332 -0.436283
-0.436332 -0.436284
-0.436332 -0.436285
-0.436332 -0.436285
-0.436332 -0.436286
-0.436332 -0.436288
-0.436332 -0.436289
-0.436332 -0.43629
-0.436332 -0.436291
-0.436332 -0.436292
-0.436332 -0.436293
-0.436332 -0.436294
-0.436332 -0.436295
-0.436332 -0.436296
-0.436332 -0.436297
-0.436332 -0.436298
-0.436332 -0.436299
-0.436332 -0.4363
-0.436332 -0.436301
-0.436332 -0.436302
-0.436332 -0.436303
-0.436332 -0.436304
-0.436332 -0.436305
-0.436332 -0.436306
-0.436332 -0.436306
-0.436332 -0.436307
-0.436332 -0.436308
-0.436332 -0.436309
-0.436332 -0.43631
-0.436332 -0.436311
-0.436332 -0.436312
-0.436332 -0.436313
-0.436332 -0.436314
-0.436332 -0.436316
-0.436332 -0.436316
-0.436332 -0.436317
-0.436332 -0.436318
-0.436332 -0.436319
-0.436332 -0.43632
-0.436332 -0.436321
-0.436332 -0.436322
-0.436332 -0.436323
-0.436332 -0.436324
-0.436332 -0.436325
-0.436332 -0.436326
-0.436332 -0.436327
-0.436332 -0.436327
-0.436332 -0.436328
-0.436332 -0.436329
-0.436332 -0.43633
-0.436332 -0.436331
-0.436332 -0.436332
-0.436332 -0.436333
-0.436332 -0.436333
-0.436332 -0.436334
-0.436332 -0.436335
-0.436332 -0.436336
-0.436332 -0.436337
-0.436332 -0.436338
-0.436332 -0.436339
-0.436332 -0.43634
-0.436332 -0.436341
-0.436332 -0.436341
-0.436332 -0.436342
-0.436332 -0.436343
-0.436332 -0.436344
-0.436332 -0.436345
-0.436332 -0.436346
-0.436332 -0.436347
-0.436332 -0.436347
-0.436332 -0.436348
-0.436332 -0.436349
-0.436332 -0.436349
-0.436332 -0.43635
-0.436332 -0.436351
-0.436332 -0.436352
-0.436332 -0.436353
-0.436332 -0.436354
-0.436332 -0.436355
-0.436332 -0.436355
-0.436332 -0.436356
-0.436332 -0.436357
-0.436332 -0.436358
-0.436332 -0.436358
-0.436332 -0.436359
-0.436332 -0.43636
-0.436332 -0.436361
-0.436332 -0.436362
-0.436332 -0.436363
-0.436332 -0.436364
-0.436332 -0.436364
-0.436332 -0.436365
-0.436332 -0.436366
-0.436332 -0.436367
-0.436332 -0.436368
-0.436332 -0.436368
-0.436332 -0.436368
-0.436332 -0.436369
-0.436332 -0.43637
-0.436332 -0.436371
-0.436332 -0.436371
-0.436332 -0.436372
-0.436332 -0.436373
-0.436332 -0.436374
-0.436332 -0.436374
-0.436332 -0.436375
-0.436332 -0.436376
-0.436332 -0.436377
-0.436332 -0.436377
-0.436332 -0.436378
-0.436332 -0.436378
-0.436332 -0.436379
-0.436332 -0.43638
-0.436332 -0.43638
-0.436332 -0.436381
-0.436332 -0.436382
-0.436332 -0.436382
-0.436332 -0.436383
-0.436332 -0.436384
-0.436332 -0.436385
-0.436332 -0.436385
-0.436332 -0.436386
-0.436332 -0.436387
-0.436332 -0.436387
-0.436332 -0.436388
-0.436332 -0.436388
-0.436332 -0.436389
-0.436332 -0.436389
-0.436332 -0.43639
-0.436332 -0.436391
-0.436332 -0.436391
-0.436332 -0.436392
-0.436332 -0.436393
-0.436332 -0.436393
-0.436332 -0.436394
-0.436332 -0.436394
-0.436332 -0.436395
-0.436332 -0.436396
-0.436332 -0.436396
-0.436332 -0.436397
-0.436332 -0.436397
-0.436332 -0.436398
-0.436332 -0.436399
-0.436332 -0.436399
-0.436332 -0.4364
-0.436332 -0.4364
-0.436332 -0.436401
-0.436332 -0.436401
-0.436332 -0.436402
-0.436332 -0.436402
-0.436332 -0.436403
-0.436332 -0.436404
-0.436332 -0.436404
-0.436332 -0.436405
-0.436332 -0.436405
-0.436332 -0.436406
-0.436332 -0.436406
-0.436332 -0.436407
-0.436332 -0.436407
-0.436332 -0.436408
-0.436332 -0.436408
-0.436332 -0.436409
-0.436332 -0.436409
-0.436332 -0.436409
-0.436332 -0.43641
-0.436332 -0.43641
-0.436332 -0.436411
-0.436332 -0.436412
-0.436332 -0.436412
-0.436332 -0.436413
-0.436332 -0.436413
-0.436332 -0.436413
-0.436332 -0.436414
-0.436332 -0.436414
-0.436332 -0.436415
-0.436332 -0.436415
-0.436332 -0.436416
-0.436332 -0.436416
-0.436332 -0.436417
-0.436332 -0.436417
-0.436332 -0.436417
-0.436332 -0.436418
-0.436332 -0.436418
-0.436332 -0.436419
-0.436332 -0.436419
-0.436332 -0.436419
-0.436332 -0.43642
-0.436332 -0.43642
-0.436332 -0.43642
-0.436332 -0.436421
-0.436332 -0.436421
-0.436332 -0.436422
-0.436332 -0.436422
-0.436332 -0.436423
-0.436332 -0.436423
-0.436332 -0.436423
-0.436332 -0.436424
-0.436332 -0.436424
-0.436332 -0.436425
-0.436332 -0.436425
-0.436332 -0.436425
-0.436332 -0.436426
-0.436332 -0.436426
-0.436332 -0.436426
-0.436332 -0.436427
-0.436332 -0.436427
-0.436332 -0.436427
-0.436332 -0.436428
-0.436332 -0.436428
-0.436332 -0.436428
-0.436332 -0.436429
-0.436332 -0.436429
-0.436332 -0.436429
-0.436332 -0.436429
-0.436332 -0.43643
-0.436332 -0.43643
-0.436332 -0.43643
-0.436332 -0.43643
-0.436332 -0.43643
-0.436332 -0.436431
-0.436332 -0.436431
-0.436332 -0.436431
-0.436332 -0.436431
-0.436332 -0.436432
-0.436332 -0.436432
-0.436332 -0.436432
-0.436332 -0.436432
-0.436332 -0.436433
-0.436332 -0.436433
-0.436332 -0.436433
-0.436332 -0.436433
-0.436332 -0.436434
-0.436332 -0.436434
-0.436332 -0.436434
-0.436332 -0.436434
-0.436332 -0.436435
-0.436332 -0.436435
-0.436332 -0.436435
-0.436332 -0.436435
-0.436332 -0.436435
-0.436332 -0.436436
-0.436332 -0.436436
-0.436332 -0.436436
-0.436332 -0.436436
-0.436332 -0.436436
-0.436332 -0.436436
-0.436332 -0.436437
-0.436332 -0.436437
-0.436332 -0.436437
-0.436332 -0.436437
-0.436332 -0.436437
-0.436332 -0.436438
-0.436332 -0.436438
-0.436332 -0.436438
-0.436332 -0.436438
-0.436332 -0.436438
-0.436332 -0.436438
-0.436332 -0.436438
-0.436332 -0.436439
-0.436332 -0.436439
-0.436332 -0.436439
-0.436332 -0.436439
-0.436332 -0.436439
-0.436332 -0.436439
-0.436332 -0.436439
-0.436332 -0.436439
-0.436332 -0.436439
-0.436332 -0.43644
-0.436332 -0.43644
-0.436332 -0.43644
-0.436332 -0.43644
-0.436332 -0.43644
-0.436332 -0.43644
-0.436332 -0.43644
-0.436332 -0.43644
-0.436332 -0.43644
-0.436332 -0.43644
-0.436332 -0.43644
-0.436332 -0.43644
-0.436332 -0.43644
-0.436332 -0.43644
-0.436332 -0.43644
-0.436332 -0.43644
-0.436332 -0.43644
-0.436332 -0.43644
-0.436332 -0.43644
-0.436332 -0.43644
-0.436332 -0.43644
-0.436332 -0.43644
-0.436332 -0.43644
-0.436332 -0.43644
-0.436332 -0.43644
-0.436332 -0.43644
-0.436332 -0.43644
-0.436332 -0.43644
-0.436332 -0.43644
-0.436332 -0.43644
-0.436332 -0.43644
-0.436332 -0.43644
-0.436332 -0.43644
-0.436332 -0.43644
-0.436332 -0.43644
-0.436332 -0.43644
-0.436332 -0.43644
-0.436332 -0.43644
-0.436332 -0.43644
-0.436332 -0.43644
-0.436332 -0.43644
-0.436332 -0.43644
-0.436332 -0.43644
-0.436332 -0.43644
-0.436332 -0.43644
-0.436332 -0.43644
-0.436332 -0.43644
-0.436332 -0.43644
-0.436332 -0.43644
-0.436332 -0.436439
-0.436332 -0.436439
-0.436332 -0.436439
-0.436332 -0.436439
-0.436332 -0.436439
-0.436332 -0.436439
-0.436332 -0.436439
-0.436332 -0.436439
-0.436332 -0.436439
-0.436332 -0.436439
-0.436332 -0.436438
-0.436332 -0.436438
-0.436332 -0.436438
-0.436332 -0.436438
-0.436332 -0.436438
-0.436332 -0.436438
-0.436332 -0.436438
-0.436332 -0.436438
-0.436332 -0.436437
-0.436332 -0.436437
-0.436332 -0.436437
-0.436332 -0.436437
-0.436332 -0.436437
-0.436332 -0.436437
-0.436332 -0.436436
-0.436332 -0.436436
-0.436332 -0.436436
-0.436332 -0.436436
-0.436332 -0.436436
-0.436332 -0.436436
-0.436332 -0.436435
-0.436332 -0.436435
-0.436332 -0.436435
-0.436332 -0.436435
-0.436332 -0.436435
-0.436332 -0.436434
-0.436332 -0.436434
-0.436332 -0.436434
-0.436332 -0.436434
-0.436332 -0.436434
-0.436332 -0.436433
-0.436332 -0.436433
-0.436332 -0.436433
-0.436332 -0.436432
-0.436332 -0.436432
-0.436332 -0.436432
-0.436332 -0.436432
-0.436332 -0.436432
-0.436332 -0.436431
-0.436332 -0.436431
-0.436332 -0.436431
-0.436332 -0.436431
-0.436332 -0.43643
-0.436332 -0.43643
-0.436332 -0.43643
-0.436332 -0.43643
-0.436332 -0.43643
-0.436332 -0.43643
-0.436332 -0.436429
-0.436332 -0.436429
-0.436332 -0.436429
-0.436332 -0.436428
-0.436332 -0.436428
-0.436332 -0.436428
-0.436332 -0.436427
-0.436332 -0.436427
-0.436332 -0.436427
-0.436332 -0.436426
-0.436332 -0.436426
-0.436332 -0.436426
-0.436332 -0.436425
-0.436332 -0.436425
-0.436332 -0.436424
-0.436332 -0.436424
-0.436332 -0.436424
-0.436332 -0.436424
-0.436332 -0.436423
-0.436332 -0.436423
-0.436332 -0.436422
-0.436332 -0.436422
-0.436332 -0.436422
-0.436332 -0.436421
-0.436332 -0.436421
-0.436332 -0.436421
-0.436332 -0.43642
-0.436332 -0.43642
-0.436332 -0.436419
-0.436332 -0.436419
-0.436332 -0.436419
-0.436332 -0.436419
-0.436332 -0.436418
-0.436332 -0.436418
-0.436332 -0.436417
-0.436332 -0.436417
-0.436332 -0.436417
-0.436332 -0.436416
-0.436332 -0.436416
-0.436332 -0.436415
-0.436332 -0.436415
-0.436332 -0.436415
-0.436332 -0.436414
-0.436332 -0.436414
-0.436332 -0.436413
-0.436332 -0.436413
-0.436332 -0.436412
-0.436332 -0.436412
-0.436332 -0.436411
-0.436332 -0.436411
-0.436332 -0.43641
-0.436332 -0.43641
-0.436332 -0.436409
-0.436332 -0.436409
-0.436332 -0.436409
-0.436332 -0.436409
-0.436332 -0.436408
-0.436332 -0.436408
-0.436332 -0.436407
-0.436332 -0.436407
-0.436332 -0.436406
-0.436332 -0.436406
-0.436332 -0.436405
-0.436332 -0.436405
-0.436332 -0.436405
-0.436332 -0.436404
-0.436332 -0.436404
-0.436332 -0.436403
-0.436332 -0.436403
-0.436332 -0.436402
-0.436332 -0.436402
-0.436332 -0.436401
-0.436332 -0.436401
-0.436332 -0.4364
-0.436332 -0.4364
-0.436332 -0.436399
-0.436332 -0.436399
-0.436332 -0.436398
-0.436332 -0.436398
-0.436332 -0.436397
-0.436332 -0.436397
-0.436332 -0.436396
-0.436332 -0.436396
-0.436332 -0.436395
-0.436332 -0.436394
-0.436332 -0.436394
-0.436332 -0.436393
-0.436332 -0.436393
-0.436332 -0.436392
-0.436332 -0.436392
-0.436332 -0.436391
-0.436332 -0.436391
-0.436332 -0.43639
-0.436332 -0.43639
-0.436332 -0.436389
-0.436332 -0.436389
-0.436332 -0.436388
-0.436332 -0.436388
-0.436332 -0.436388
-0.436332 -0.436387
-0.436332 -0.436387
-0.436332 -0.436386
-0.436332 -0.436386
-0.436332 -0.436385
-0.436332 -0.436385
-0.436332 -0.436384
-0.436332 -0.436384
-0.436332 -0.436383
-0.436332 -0.436382
-0.436332 -0.436382
-0.436332 -0.436381
-0.436332 -0.436381
-0.436332 -0.43638
-0.436332 -0.43638
-0.436332 -0.436379
-0.436332 -0.436379
-0.436332 -0.436378
-0.436332 -0.436378
-0.436332 -0.436378
-0.436332 -0.436377
-0.436332 -0.436376
-0.436332 -0.436376
-0.436332 -0.436375
-0.436332 -0.436375
-0.436332 -0.436374
-0.436332 -0.436373
-0.436332 -0.436373
-0.436332 -0.436372
-0.436332 -0.436372
-0.436332 -0.436371
-0.436332 -0.436371
-0.436332 -0.43637
-0.436332 -0.436369
-0.436332 -0.436369
-0.436332 -0.436368
-0.436332 -0.436368
-0.436332 -0.436368
-0.436332 -0.436367
-0.436332 -0.436367
-0.436332 -0.436366
-0.436332 -0.436365
-0.436332 -0.436365
-0.436332 -0.436364
-0.436332 -0.436364
-0.436332 -0.436363
-0.436332 -0.436363
-0.436332 -0.436362
-0.436332 -0.436361
-0.436332 -0.436361
-0.436332 -0.43636
-0.436332 -0.436359
-0.436332 -0.436359
-0.436332 -0.436358
-0.436332 -0.436357
-0.436332 -0.436357
-0.436332 -0.436357
-0.436332 -0.436356
-0.436332 -0.436355
-0.436332 -0.436355
-0.436332 -0.436354
-0.436332 -0.436354
-0.436332 -0.436353
-0.436332 -0.436353
-0.436332 -0.436352
-0.436332 -0.436351
-0.436332 -0.436351
-0.436332 -0.43635
-0.436332 -0.436349
-0.436332 -0.436349
-0.436332 -0.436348
-0.436332 -0.436347
-0.436332 -0.436347
-0.436332 -0.436347
-0.436332 -0.436346
-0.436332 -0.436345
-0.436332 -0.436345
-0.436332 -0.436344
-0.436332 -0.436344
-0.436332 -0.436343
-0.436332 -0.436342
-0.436332 -0.436342
-0.436332 -0.436341
-0.436332 -0.43634
-0.436332 -0.43634
-0.436332 -0.436339
-0.436332 -0.436339
-0.436332 -0.436338
-0.436332 -0.436337
-0.436332 -0.436337
-0.436332 -0.436336
-0.436332 -0.436336
-0.436332 -0.436335
-0.436332 -0.436334
-0.436332 -0.436334
-0.436332 -0.436333
-0.436332 -0.436332
-0.436332 -0.436332
-0.436332 -0.436331
-0.436332 -0.436331
-0.436332 -0.43633
-0.436332 -0.436329
-0.436332 -0.436329
-0.436332 -0.436328
-0.436332 -0.436327
-0.436332 -0.436327
-0.436332 -0.436327
-0.436332 -0.436326
-0.436332 -0.436326
-0.436332 -0.436325
-0.436332 -0.436324
-0.436332 -0.436324
-0.436332 -0.436323
-0.436332 -0.436322
-0.436332 -0.436322
-0.436332 -0.436321
-0.436332 -0.43632
-0.436332 -0.43632
-0.436332 -0.436319
-0.436332 -0.436318
-0.436332 -0.436318
-0.436332 -0.436317
-0.436332 -0.436316
-0.436332 -0.436316
-0.436332 -0.436315
-0.436332 -0.436315
-0.436332 -0.436314
-0.436332 -0.436313
-0.436332 -0.436313
-0.436332 -0.436312
-0.436332 -0.436312
-0.436332 -0.436311
-0.436332 -0.43631
-0.436332 -0.43631
-0.436332 -0.436309
-0.436332 -0.436308
-0.436332 -0.436307
-0.436332 -0.436307
-0.436332 -0.436306
-0.436332 -0.436306
-0.436332 -0.436306
-0.436332 -0.436305
-0.436332 -0.436304
-0.436332 -0.436304
-0.436332 -0.436303
-0.436332 -0.436302
-0.436332 -0.436302
-0.436332 -0.436301
-0.436332 -0.4363
-0.436332 -0.4363
-0.436332 -0.436299
-0.436332 -0.436298
-0.436332 -0.436298
-0.436332 -0.436297
-0.436332 -0.436296
-0.436332 -0.436296
-0.436332 -0.436295
-0.436332 -0.436295
-0.436332 -0.436294
-0.436332 -0.436294
-0.436332 -0.436293
-0.436332 -0.436292
-0.436332 -0.436292
-0.436332 -0.436291
-0.436332 -0.43629
-0.436332 -0.43629
-0.436332 -0.436289
-0.436332 -0.436288
-0.436332 -0.436288
-0.436332 -0.436287
-0.436332 -0.436286
-0.436332 -0.436286
-0.436332 -0.436285
-0.436332 -0.436285
-0.436332 -0.436284
-0.436332 -0.436284
-0.436332 -0.436283
-0.436332 -0.436282
-0.436332 -0.436282
-0.436332 -0.436281
-0.436332 -0.43628
-0.436332 -0.43628
-0.436332 -0.436279
-0.436332 -0.436278
-0.436332 -0.436278
-0.436332 -0.436277
-0.436332 -0.436277
-0.436332 -0.436276
-0.436332 -0.436275
-0.436332 -0.436275
-0.436332 -0.436274
-0.436332 -0.436274
-0.436332 -0.436273
-0.436332 -0.436272
-0.436332 -0.436272
-0.436332 -0.436271
-0.436332 -0.436271
-0.436332 -0.43627
-0.436332 -0.436269
-0.436332 -0.436269
-0.436332 -0.436268
-0.436332 -0.436267
-0.436332 -0.436267
-0.436332 -0.436266
-0.436332 -0.436266
-0.436332 -0.436265
-0.436332 -0.436265
-0.436332 -0.436264
-0.436332 -0.436264
-0.436332 -0.436263
-0.436332 -0.436262
-0.436332 -0.436262
-0.436332 -0.436261
-0.436332 -0.436261
-0.436332 -0.43626
-0.436332 -0.436259
-0.436332 -0.436259
-0.436332 -0.436258
-0.436332 -0.436257
-0.436332 -0.436257
-0.436332 -0.436256
-0.436332 -0.436255
-0.436332 -0.436255
-0.436332 -0.436255
-0.436332 -0.436254
-0.436332 -0.436253
-0.436332 -0.436253
-0.436332 -0.436252
-0.436332 -0.436252
-0.436332 -0.436251
-0.436332 -0.436251
-0.436332 -0.43625
-0.436332 -0.436249
-0.436332 -0.436249
-0.436332 -0.436248
-0.436332 -0.436247
-0.436332 -0.436247
-0.436332 -0.436246
-0.436332 -0.436246
-0.436332 -0.436245
-0.436332 -0.436244
-0.436332 -0.436244
-0.436332 -0.436244
-0.436332 -0.436243
-0.436332 -0.436243
-0.436332 -0.436242
-0.436332 -0.436242
-0.436332 -0.436241
-0.436332 -0.43624
-0.436332 -0.43624
-0.436332 -0.436239
-0.436332 -0.436239
-0.436332 -0.436238
-0.436332 -0.436238
-0.436332 -0.436237
-0.436332 -0.436236
-0.436332 -0.436236
-0.436332 -0.436235
-0.436332 -0.436235
-0.436332 -0.436234
-0.436332 -0.436234
-0.436332 -0.436233
-0.436332 -0.436233
-0.436332 -0.436232
-0.436332 -0.436231
-0.436332 -0.436231
-0.436332 -0.43623
-0.436332 -0.43623
-0.436332 -0.436229
-0.436332 -0.436229
-0.436332 -0.436228
-0.436332 -0.436228
-0.436332 -0.436227
-0.436332 -0.436227
-0.436332 -0.436226
-0.436332 -0.436226
-0.436332 -0.436225
-0.436332 -0.436224
-0.436332 -0.436224
-0.436332 -0.436224
-0.436332 -0.436223
-0.436332 -0.436223
-0.436332 -0.436222
-0.436332 -0.436222
-0.436332 -0.436221
-0.436332 -0.436221
-0.436332 -0.43622
-0.436332 -0.436219
-0.436332 -0.436219
-0.436332 -0.436218
-0.436332 -0.436218
-0.436332 -0.436217
-0.436332 -0.436217
-0.436332 -0.436216
-0.436332 -0.436216
-0.436332 -0.436215
-0.436332 -0.436215
-0.436332 -0.436214
-0.436332 -0.436214
-0.436332 -0.436214
-0.436332 -0.436213
-0.436332 -0.436213
-0.436332 -0.436212
-0.436332 -0.436212
-0.436332 -0.436211
-0.436332 -0.436211
-0.436332 -0.43621
-0.436332 -0.43621
-0.436332 -0.436209
-0.436332 -0.436209
-0.436332 -0.436208
-0.436332 -0.436208
-0.436332 -0.436207
-0.436332 -0.436207
-0.436332 -0.436206
-0.436332 -0.436206
-0.436332 -0.436205
-0.436332 -0.436205
-0.436332 -0.436204
-0.436332 -0.436204
-0.436332 -0.436204
-0.436332 -0.436203
-0.436332 -0.436203
-0.436332 -0.436203
-0.436332 -0.436202
-0.436332 -0.436202
-0.436332 -0.436201
-0.436332 -0.436201
-0.436332 -0.4362
-0.436332 -0.4362
-0.436332 -0.4362
-0.436332 -0.436199
-0.436332 -0.436199
-0.436332 -0.436198
-0.436332 -0.436198
-0.436332 -0.436197
-0.436332 -0.436197
-0.436332 -0.436196
-0.436332 -0.436196
-0.436332 -0.436195
-0.436332 -0.436195
-0.436332 -0.436195
-0.436332 -0.436194
-0.436332 -0.436194
-0.436332 -0.436193
-0.436332 -0.436193
-0.436332 -0.436193
-0.436332 -0.436192
-0.436332 -0.436192
-0.436332 -0.436192
-0.436332 -0.436191
-0.436332 -0.436191
-0.436332 -0.43619
-0.436332 -0.43619
-0.436332 -0.43619
-0.436332 -0.436189
-0.436332 -0.436189
-0.436332 -0.436188
-0.436332 -0.436188
-0.436332 -0.436188
-0.436332 -0.436187
-0.436332 -0.436187
-0.436332 -0.436187
-0.436332 -0.436186
-0.436332 -0.436186
-0.436332 -0.436185
-0.436332 -0.436185
-0.436332 -0.436185
-0.436332 -0.436184
-0.436332 -0.436184
-0.436332 -0.436183
-0.436332 -0.436183
-0.436332 -0.436182
-0.436332 -0.436182
-0.436332 -0.436182
-0.436332 -0.436182
-0.436332 -0.436182
-0.436332 -0.436181
-0.436332 -0.436181
-0.436332 -0.436181
-0.436332 -0.43618
-0.436332 -0.43618
-0.436332 -0.43618
-0.436332 -0.436179
-0.436332 -0.436179
-0.436332 -0.436178
-0.436332 -0.436178
-0.436332 -0.436178
-0.436332 -0.436178
-0.436332 -0.436177
-0.436332 -0.436177
-0.436332 -0.436177
-0.436332 -0.436176
-0.436332 -0.436176
-0.436332 -0.436176
-0.436332 -0.436175
-0.436332 -0.436175
-0.436332 -0.436175
-0.436332 -0.436174
-0.436332 -0.436174
-0.436332 -0.436174
-0.436332 -0.436173
-0.436332 -0.436173
-0.436332 -0.436173
-0.436332 -0.436172
-0.436332 -0.436172
-0.436332 -0.436172
-0.436332 -0.436172
-0.436332 -0.436171
-0.436332 -0.436171
-0.436332 -0.436171
-0.436332 -0.43617
-0.436332 -0.43617
-0.436332 -0.43617
-0.436332 -0.43617
-0.436332 -0.436169
-0.436332 -0.436169
-0.436332 -0.436169
-0.436332 -0.436168
-0.436332 -0.436168
-0.436332 -0.436168
-0.436332 -0.436168
-0.436332 -0.436167
-0.436332 -0.436167
-0.436332 -0.436167
-0.436332 -0.436167
-0.436332 -0.436166
-0.436332 -0.436166
-0.436332 -0.436166
-0.436332 -0.436166
-0.436332 -0.436165
-0.436332 -0.436165
-0.436332 -0.436165
-0.436332 -0.436165
-0.436332 -0.436164
-0.436332 -0.436164
-0.436332 -0.436164
-0.436332 -0.436164
-0.436332 -0.436163
-0.436332 -0.436163
-0.436332 -0.436163
-0.436332 -0.436163
-0.436332 -0.436162
-0.436332 -0.436162
-0.436332 -0.436162
-0.436332 -0.436162
-0.436332 -0.436162
-0.436332 -0.436162
-0.436332 -0.436162
-0.436332 -0.436161
-0.436332 -0.436161
-0.436332 -0.436161
-0.436332 -0.436161
-0.436332 -0.436161
-0.436332 -0.436161
-0.436332 -0.43616
-0.436332 -0.43616
-0.436332 -0.43616
-0.436332 -0.43616
-0.436332 -0.436159
-0.436332 -0.436159
-0.436332 -0.436159
-0.436332 -0.436159
-0.436332 -0.436159
-0.436332 -0.436158
-0.436332 -0.436158
-0.436332 -0.436158
-0.436332 -0.436158
-0.436332 -0.436158
-0.436332 -0.436158
-0.436332 -0.436157
-0.436332 -0.436157
-0.436332 -0.436157
-0.436332 -0.436157
-0.436332 -0.436157
-0.436332 -0.436156
-0.436332 -0.436156
-0.436332 -0.436156
-0.436332 -0.436156
-0.436332 -0.436156
-0.436332 -0.436156
-0.436332 -0.436156
-0.436332 -0.436155
-0.436332 -0.436155
-0.436332 -0.436155
-0.436332 -0.436155
-0.436332 -0.436155
-0.436332 -0.436155
-0.436332 -0.436155
-0.436332 -0.436154
-0.436332 -0.436154
-0.436332 -0.436154
-0.436332 -0.436154
-0.436332 -0.436154
-0.436332 -0.436154
-0.436332 -0.436154
-0.436332 -0.436154
-0.436332 -0.436154
-0.436332 -0.436153
-0.436332 -0.436153
-0.436332 -0.436153
-0.436332 -0.436153
-0.436332 -0.436153
-0.436332 -0.436153
-0.436332 -0.436153
-0.436332 -0.436153
-0.436332 -0.436153
-0.436332 -0.436152
-0.436332 -0.436152
-0.436332 -0.436152
-0.436332 -0.436152
-0.436332 -0.436152
-0.436332 -0.436152
-0.436332 -0.436152
-0.436332 -0.436152
-0.436332 -0.436152
-0.436332 -0.436152
-0.436332 -0.436152
-0.436332 -0.436152
-0.436332 -0.436152
-0.436332 -0.436152
-0.436332 -0.436152
-0.436332 -0.436152
-0.436332 -0.436152
-0.436332 -0.436152
-0.436332 -0.436152
-0.436332 -0.436152
-0.436332 -0.436152
-0.436332 -0.436152
-0.436332 -0.436152
-0.436332 -0.436152
-0.436332 -0.436151
-0.436332 -0.436151
-0.436332 -0.436151
-0.436332 -0.436151
-0.436332 -0.436151
-0.436332 -0.436151
-0.436332 -0.436151
-0.436332 -0.436151
-0.436332 -0.436151
-0.436332 -0.436151
-0.436332 -0.436151
-0.436332 -0.436151
-0.436332 -0.436151
-0.436332 -0.436151
-0.436332 -0.436151
-0.436332 -0.436151
-0.436332 -0.436151
-0.436332 -0.436151
-0.436332 -0.436151
-0.436332 -0.436151
-0.436332 -0.436151
-0.436332 -0.436151
-0.436332 -0.436151
-0.436332 -0.436151
-0.436332 -0.436151
-0.436332 -0.436151
-0.436332 -0.436151
-0.436332 -0.436151
-0.436332 -0.436151
-0.436332 -0.436151
-0.436332 -0.436151
-0.436332 -0.436151
-0.436332 -0.436151
-0.436332 -0.436151
-0.436332 -0.436151
-0.436332 -0.436151
-0.436332 -0.436151
-0.436332 -0.436151
-0.436332 -0.436151
-0.436332 -0.436151
-0.436332 -0.436151
-0.436332 -0.436151
-0.436332 -0.436151
-0.436332 -0.436151
-0.436332 -0.436152
-0.436332 -0.436152
-0.436332 -0.436152
-0.436332 -0.436152
-0.436332 -0.436152
-0.436332 -0.436152
-0.436332 -0.436152
-0.436332 -0.436152
-0.436332 -0.436152
-0.436332 -0.436152
-0.436332 -0.436152
-0.436332 -0.436152
-0.436332 -0.436152
-0.436332 -0.436152
-0.436332 -0.436152
-0.436332 -0.436152
-0.436332 -0.436152
-0.436332 -0.436152
-0.436332 -0.436152
-0.436332 -0.436152
-0.436332 -0.436152
-0.436332 -0.436152
-0.436332 -0.436152
-0.436332 -0.436152
-0.436332 -0.436152
-0.436332 -0.436152
-0.436332 -0.436152
-0.436332 -0.436152
-0.436332 -0.436153
-0.436332 -0.436153
-0.436332 -0.436153
-0.436332 -0.436153
-0.436332 -0.436153
-0.436332 -0.436153
-0.436332 -0.436153
-0.436332 -0.436153
-0.436332 -0.436153
-0.436332 -0.436153
-0.436332 -0.436153
-0.436332 -0.436154
-0.436332 -0.436154
-0.436332 -0.436154
-0.436332 -0.436154
-0.436332 -0.436154
-0.436332 -0.436154
-0.436332 -0.436154
-0.436332 -0.436154
-0.436332 -0.436154
-0.436332 -0.436155
-0.436332 -0.436155
-0.436332 -0.436155
-0.436332 -0.436155
-0.436332 -0.436155
-0.436332 -0.436155
-0.436332 -0.436155
-0.436332 -0.436155
-0.436332 -0.436155
-0.436332 -0.436156
-0.436332 -0.436156
-0.436332 -0.436156
-0.436332 -0.436156
-0.436332 -0.436156
-0.436332 -0.436156
-0.436332 -0.436156
-0.436332 -0.436156
-0.436332 -0.436157
-0.436332 -0.436157
-0.436332 -0.436157
-0.436332 -0.436157
-0.436332 -0.436157
-0.436332 -0.436157
-0.436332 -0.436157
-0.436332 -0.436158
-0.436332 -0.436158
-0.436332 -0.436158
-0.436332 -0.436158
-0.436332 -0.436158
-0.436332 -0.436159
-0.436332 -0.436159
-0.436332 -0.436159
-0.436332 -0.436159
-0.436332 -0.436159
-0.436332 -0.436159
-0.436332 -0.43616
-0.436332 -0.43616
-0.436332 -0.43616
-0.436332 -0.43616
-0.436332 -0.43616
-0.436332 -0.43616
-0.436332 -0.436161
-0.436332 -0.436161
-0.436332 -0.436161
-0.436332 -0.436161
-0.436332 -0.436161
-0.436332 -0.436161
-0.436332 -0.436162
-0.436332 -0.436162
-0.436332 -0.436162
-0.436332 -0.436162
-0.436332 -0.436162
-0.436332 -0.436162
-0.436332 -0.436162
-0.436332 -0.436162
-0.436332 -0.436163
-0.436332 -0.436163
-0.436332 -0.436163
-0.436332 -0.436163
-0.436332 -0.436163
-0.436332 -0.436164
-0.436332 -0.436164
-0.436332 -0.436164
-0.436332 -0.436164
-0.436332 -0.436164
-0.436332 -0.436165
-0.436332 -0.436165
-0.436332 -0.436165
-0.436332 -0.436165
-0.436332 -0.436166
-0.436332 -0.436166
-0.436332 -0.436166
-0.436332 -0.436166
-0.436332 -0.436167
-0.436332 -0.436167
-0.436332 -0.436167
-0.436332 -0.436167
-0.436332 -0.436168
-0.436332 -0.436168
-0.436332 -0.436168
-0.436332 -0.436168
-0.436332 -0.436169
-0.436332 -0.436169
-0.436332 -0.436169
-0.436332 -0.436169
-0.436332 -0.43617
-0.436332 -0.43617
-0.436332 -0.43617
-0.436332 -0.436171
-0.436332 -0.436171
-0.436332 -0.436171
-0.436332 -0.436171
-0.436332 -0.436172
-0.436332 -0.436172
-0.436332 -0.436172
-0.436332 -0.436172
-0.436332 -0.436172
-0.436332 -0.436173
-0.436332 -0.436173
-0.436332 -0.436173
-0.436332 -0.436173
-0.436332 -0.436174
-0.436332 -0.436174
-0.436332 -0.436174
-0.436332 -0.436174
-0.436332 -0.436175
-0.436332 -0.436175
-0.436332 -0.436175
-0.436332 -0.436176
-0.436332 -0.436176
-0.436332 -0.436176
-0.436332 -0.436177
-0.436332 -0.436177
-0.436332 -0.436177
-0.436332 -0.436177
-0.436332 -0.436178
-0.436332 -0.436178
-0.436332 -0.436178
-0.436332 -0.436179
-0.436332 -0.436179
-0.436332 -0.436179
-0.436332 -0.43618
-0.436332 -0.43618
-0.436332 -0.43618
-0.436332 -0.43618
-0.436332 -0.436181
-0.436332 -0.436181
-0.436332 -0.436181
-0.436332 -0.436182
-0.436332 -0.436182
-0.436332 -0.436182
-0.436332 -0.436182
-0.436332 -0.436182
-0.436332 -0.436183
-0.436332 -0.436183
-0.436332 -0.436183
-0.436332 -0.436184
-0.436332 -0.436184
-0.436332 -0.436184
-0.436332 -0.436184
-0.436332 -0.436185
-0.436332 -0.436185
-0.436332 -0.436185
-0.436332 -0.436186
-0.436332 -0.436186
-0.436332 -0.436186
-0.436332 -0.436187
-0.436332 -0.436187
-0.436332 -0.436187
-0.436332 -0.436188
-0.436332 -0.436188
-0.436332 -0.436188
-0.436332 -0.436189
-0.436332 -0.436189
-0.436332 -0.436189
-0.436332 -0.436189
-0.436332 -0.43619
-0.436332 -0.43619
-0.436332 -0.43619
-0.436332 -0.436191
-0.436332 -0.436191
-0.436332 -0.436191
-0.436332 -0.436192
-0.436332 -0.436192
-0.436332 -0.436192
-0.436332 -0.436193
-0.436332 -0.436193
-0.436332 -0.436193
-0.436332 -0.436193
-0.436332 -0.436193
-0.436332 -0.436194
-0.436332 -0.436194
-0.436332 -0.436194
-0.436332 -0.436194
-0.436332 -0.436195
-0.436332 -0.436195
-0.436332 -0.436196
-0.436332 -0.436196
-0.436332 -0.436196
-0.436332 -0.436196
-0.436332 -0.436197
-0.436332 -0.436197
-0.436332 -0.436197
-0.436332 -0.436198
-0.436332 -0.436198
-0.436332 -0.436198
-0.436332 -0.436199
-0.436332 -0.436199
-0.436332 -0.436199
-0.436332 -0.4362
-0.436332 -0.4362
-0.436332 -0.4362
-0.436332 -0.436201
-0.436332 -0.436201
-0.436332 -0.436201
-0.436332 -0.436202
-0.436332 -0.436202
-0.436332 -0.436202
-0.436332 -0.436202
-0.436332 -0.436203
-0.436332 -0.436203
-0.436332 -0.436203
-0.436332 -0.436203
-0.436332 -0.436203
-0.436332 -0.436204
-0.436332 -0.436204
-0.436332 -0.436204
-0.436332 -0.436205
-0.436332 -0.436205
-0.436332 -0.436205
-0.436332 -0.436206
-0.436332 -0.436206
-0.436332 -0.436206
-0.436332 -0.436207
-0.436332 -0.436207
-0.436332 -0.436207
-0.436332 -0.436208
-0.436332 -0.436208
-0.436332 -0.436208
-0.436332 -0.436209
-0.436332 -0.436209
-0.436332 -0.436209
-0.436332 -0.43621
-0.436332 -0.43621
-0.436332 -0.43621
-0.436332 -0.436211
-0.436332 -0.436211
-0.436332 -0.436212
-0.436332 -0.436212
-0.436332 -0.436212
-0.436332 -0.436212
-0.436332 -0.436213
-0.436332 -0.436213
-0.436332 -0.436213
-0.436332 -0.436213
-0.436332 -0.436214
-0.436332 -0.436214
-0.436332 -0.436214
-0.436332 -0.436215
-0.436332 -0.436215
-0.436332 -0.436215
-0.436332 -0.436216
-0.436332 -0.436216
-0.436332 -0.436216
-0.436332 -0.436217
-0.436332 -0.436217
-0.436332 -0.436217
-0.436332 -0.436218
-0.436332 -0.436218
-0.436332 -0.436218
-0.436332 -0.436219
-0.436332 -0.436219
-0.436332 -0.436219
-0.436332 -0.43622
-0.436332 -0.43622
-0.436332 -0.43622
-0.436332 -0.436221
-0.436332 -0.436221
-0.436332 -0.436221
-0.436332 -0.436222
-0.436332 -0.436222
-0.436332 -0.436222
-0.436332 -0.436223
-0.436332 -0.436223
-0.436332 -0.436223
-0.436332 -0.436224
-0.436332 -0.436224
-0.436332 -0.436224
-0.436332 -0.436224
-0.436332 -0.436224
-0.436332 -0.436225
-0.436332 -0.436225
-0.436332 -0.436225
-0.436332 -0.436226
-0.436332 -0.436226
-0.436332 -0.436226
-0.436332 -0.436227
-0.436332 -0.436227
-0.436332 -0.436227
-0.436332 -0.436228
-0.436332 -0.436228
-0.436332 -0.436228
-0.436332 -0.436229
-0.436332 -0.436229
-0.436332 -0.436229
-0.436332 -0.43623
-0.436332 -0.43623
-0.436332 -0.43623
-0.436332 -0.436231
-0.436332 -0.436231
-0.436332 -0.436231
-0.436332 -0.436231
-0.436332 -0.436232
-0.436332 -0.436232
-0.436332 -0.436233
-0.436332 -0.436233
-0.436332 -0.436233
-0.436332 -0.436233
-0.436332 -0.436234
-0.436332 -0.436234
-0.436332 -0.436234
-0.436332 -0.436234
-0.436332 -0.436235
-0.436332 -0.436235
-0.436332 -0.436235
-0.436332 -0.436236
-0.436332 -0.436236
-0.436332 -0.436236
-0.436332 -0.436237
-0.436332 -0.436237
-0.436332 -0.436238
-0.436332 -0.436238
-0.436332 -0.436238
-0.436332 -0.436238
-0.436332 -0.436239
-0.436332 -0.436239
-0.436332 -0.436239
-0.436332 -0.43624
-0.436332 -0.43624
-0.436332 -0.43624
-0.436332 -0.436241
-0.436332 -0.436241
-0.436332 -0.436241
-0.436332 -0.436242
-0.436332 -0.436242
-0.436332 -0.436242
-0.436332 -0.436243
-0.436332 -0.436243
-0.436332 -0.436243
-0.436332 -0.436244
-0.436332 -0.436244
-0.436332 -0.436244
-0.436332 -0.436244
-0.436332 -0.436244
-0.436332 -0.436245
-0.436332 -0.436245
-0.436332 -0.436245
-0.436332 -0.436246
-0.436332 -0.436246
-0.436332 -0.436246
-0.436332 -0.436246
-0.436332 -0.436247
-0.436332 -0.436247
-0.436332 -0.436247
-0.436332 -0.436248
-0.436332 -0.436248
-0.436332 -0.436248
-0.436332 -0.436249
-0.436332 -0.436249
-0.436332 -0.436249
-0.436332 -0.43625
-0.436332 -0.43625
-0.436332 -0.43625
-0.436332 -0.436251
-0.436332 -0.436251
-0.436332 -0.436251
-0.436332 -0.436251
-0.436332 -0.436252
-0.436332 -0.436252
-0.436332 -0.436252
-0.436332 -0.436253
-0.436332 -0.436253
-0.436332 -0.436253
-0.436332 -0.436254
-0.436332 -0.436254
-0.436332 -0.436254
-0.436332 -0.436255
-0.436332 -0.436255
-0.436332 -0.436255
-0.436332 -0.436255
-0.436332 -0.436255
-0.436332 -0.436256
-0.436332 -0.436256
-0.436332 -0.436256
-0.436332 -0.436257
-0.436332 -0.436257
-0.436332 -0.436257
-0.436332 -0.436258
-0.436332 -0.436258
-0.436332 -0.436258
-0.436332 -0.436258
-0.436332 -0.436259
-0.436332 -0.436259
-0.436332 -0.436259
-0.436332 -0.43626
-0.436332 -0.43626
-0.436332 -0.43626
-0.436332 -0.43626
-0.436332 -0.436261
-0.436332 -0.436261
-0.436332 -0.436261
-0.436332 -0.436262
-0.436332 -0.436262
-0.436332 -0.436262
-0.436332 -0.436262
-0.436332 -0.436263
-0.436332 -0.436263
-0.436332 -0.436263
-0.436332 -0.436263
-0.436332 -0.436264
-0.436332 -0.436264
-0.436332 -0.436264
-0.436332 -0.436265
-0.436332 -0.436265
-0.436332 -0.436265
-0.436332 -0.436265
-0.436332 -0.436265
-0.436332 -0.436265
-0.436332 -0.436265
-0.436332 -0.436266
-0.436332 -0.436266
-0.436332 -0.436266
-0.436332 -0.436267
-0.436332 -0.436267
-0.436332 -0.436267
-0.436332 -0.436268
-0.436332 -0.436268
-0.436332 -0.436268
-0.436332 -0.436268
-0.436332 -0.436268
-0.436332 -0.436269
-0.436332 -0.436269
-0.436332 -0.436269
-0.436332 -0.43627
-0.436332 -0.43627
-0.436332 -0.43627
-0.436332 -0.43627
-0.436332 -0.436271
-0.436332 -0.436271
-0.436332 -0.436271
-0.436332 -0.436271
-0.436332 -0.436271
-0.436332 -0.436272
-0.436332 -0.436272
-0.436332 -0.436272
-0.436332 -0.436272
-0.436332 -0.436273
-0.436332 -0.436273
-0.436332 -0.436273
-0.436332 -0.436273
-0.436332 -0.436274
-0.436332 -0.436274
-0.436332 -0.436274
-0.436332 -0.436274
-0.436332 -0.436275
-0.436332 -0.436275
-0.436332 -0.436275
-0.436332 -0.436275
-0.436332 -0.436275
-0.436332 -0.436276
-0.436332 -0.436276
-0.436332 -0.436276
-0.436332 -0.436276
-0.436332 -0.436276
-0.436332 -0.436277
-0.436332 -0.436277
-0.436332 -0.436277
-0.436332 -0.436278
-0.436332 -0.436278
-0.436332 -0.436278
-0.436332 -0.436278
-0.436332 -0.436278
-0.436332 -0.436278
-0.436332 -0.436279
-0.436332 -0.436279
-0.436332 -0.436279
-0.436332 -0.436279
-0.436332 -0.43628
-0.436332 -0.43628
-0.436332 -0.43628
-0.436332 -0.43628
-0.436332 -0.43628
-0.436332 -0.436281
-0.436332 -0.436281
-0.436332 -0.436281
-0.436332 -0.436281
-0.436332 -0.436282
-0.436332 -0.436282
-0.436332 -0.436282
-0.436332 -0.436282
-0.436332 -0.436282
-0.436332 -0.436283
-0.436332 -0.436283
-0.436332 -0.436283
-0.436332 -0.436283
-0.436332 -0.436283
-0.436332 -0.436283
-0.436332 -0.436284
-0.436332 -0.436284
-0.436332 -0.436284
-0.436332 -0.436284
-0.436332 -0.436285
-0.436332 -0.436285
-0.436332 -0.436285
-0.436332 -0.436285
-0.436332 -0.436285
-0.436332 -0.436285
-0.436332 -0.436285
-0.436332 -0.436285
-0.436332 -0.436285
-0.436332 -0.436286
-0.436332 -0.436286
-0.436332 -0.436286
-0.436332 -0.436286
-0.436332 -0.436286
-0.436332 -0.436286
-0.436332 -0.436287
-0.436332 -0.436287
-0.436332 -0.436287
-0.436332 -0.436287
-0.436332 -0.436287
-0.436332 -0.436288
-0.436332 -0.436288
-0.436332 -0.436288
-0.436332 -0.436288
-0.436332 -0.436288
-0.436332 -0.436288
-0.436332 -0.436289
-0.436332 -0.436289
-0.436332 -0.436289
-0.436332 -0.436289
-0.436332 -0.436289
-0.436332 -0.436289
-0.436332 -0.43629
-0.436332 -0.43629
-0.436332 -0.43629
-0.436332 -0.43629
-0.436332 -0.43629
-0.436332 -0.43629
-0.436332 -0.436291
-0.436332 -0.436291
-0.436332 -0.436291
-0.436332 -0.436291
-0.436332 -0.436291
-0.436332 -0.436291
-0.436332 -0.436291
-0.436332 -0.436292
-0.436332 -0.436292
-0.436332 -0.436292
-0.436332 -0.436292
-0.436332 -0.436292
-0.436332 -0.436292
-0.436332 -0.436292
-0.436332 -0.436293
-0.436332 -0.436293
-0.436332 -0.436293
-0.436332 -0.436293
-0.436332 -0.436293
-0.436332 -0.436293
-0.436332 -0.436293
-0.436332 -0.436293
-0.436332 -0.436294
-0.436332 -0.436294
-0.436332 -0.436294
-0.436332 -0.436294
-0.436332 -0.436294
-0.436332 -0.436294
-0.436332 -0.436294
-0.436332 -0.436295
-0.436332 -0.436295
-0.436332 -0.436295
-0.436332 -0.436295
-0.436332 -0.436295
-0.436332 -0.436295
-0.436332 -0.436295
-0.436332 -0.436295
-0.436332 -0.436295
-0.436332 -0.436295
-0.436332 -0.436296
-0.436332 -0.436296
-0.436332 -0.436296
-0.436332 -0.436296
-0.436332 -0.436296
-0.436332 -0.436296
-0.436332 -0.436296
-0.436332 -0.436296
-0.436332 -0.436296
-0.436332 -0.436296
-0.436332 -0.436296
-0.436332 -0.436296
-0.436332 -0.436296
-0.436332 -0.436296
-0.436332 -0.436297
-0.436332 -0.436297
-0.436332 -0.436297
-0.436332 -0.436297
-0.436332 -0.436297
-0.436332 -0.436297
-0.436332 -0.436297
-0.436332 -0.436297
-0.436332 -0.436297
-0.436332 -0.436297
-0.436332 -0.436297
-0.436332 -0.436297
-0.436332 -0.436297
-0.436332 -0.436298
-0.436332 -0.436298
-0.436332 -0.436298
-0.436332 -0.436298
-0.436332 -0.436298
-0.436332 -0.436298
-0.436332 -0.436298
-0.436332 -0.436298
-0.436332 -0.436298
-0.436332 -0.436298
-0.436332 -0.436298
-0.436332 -0.436298
-0.436332 -0.436298
-0.436332 -0.436299
-0.436332 -0.436299
-0.436332 -0.436299
-0.436332 -0.436299
-0.436332 -0.436299
-0.436332 -0.436299
-0.436332 -0.436299
-0.436332 -0.436299
-0.436332 -0.436299
-0.436332 -0.436299
-0.436332 -0.436299
-0.436332 -0.436299
-0.436332 -0.436299
-0.436332 -0.436299
-0.436332 -0.436299
-0.436332 -0.436299
-0.436332 -0.4363
-0.436332 -0.4363
-0.436332 -0.4363
-0.436332 -0.4363
-0.436332 -0.4363
-0.436332 -0.4363
-0.436332 -0.4363
-0.436332 -0.4363
-0.436332 -0.4363
-0.436332 -0.4363
-0.436332 -0.4363
-0.436332 -0.4363
-0.436332 -0.4363
-0.436332 -0.4363
-0.436332 -0.4363
-0.436332 -0.4363
-0.436332 -0.4363
-0.436332 -0.4363
-0.436332 -0.4363
-0.436332 -0.4363
-0.436332 -0.4363
-0.436332 -0.4363
-0.436332 -0.4363
-0.436332 -0.4363
-0.436332 -0.4363
-0.436332 -0.4363
-0.436332 -0.4363
-0.436332 -0.4363
-0.436332 -0.436301
-0.436332 -0.436301
-0.436332 -0.436301
-0.436332 -0.436301
-0.436332 -0.436301
-0.436332 -0.436301
-0.436332 -0.436301
-0.436332 -0.436301
-0.436332 -0.436301
-0.436332 -0.436301
-0.436332 -0.436301
-0.436332 -0.436301
-0.436332 -0.436301
-0.436332 -0.436301
-0.436332 -0.436301
-0.436332 -0.436301
-0.436332 -0.436301
-0.436332 -0.436301
-0.436332 -0.436301
-0.436332 -0.436301
-0.436332 -0.436301
-0.436332 -0.436301
-0.436332 -0.436301
-0.436332 -0.436301
-0.436332 -0.436301
-0.436332 -0.436301
-0.436332 -0.436301
-0.436332 -0.436301
-0.436332 -0.436301
-0.436332 -0.436301
-0.436332 -0.436301
-0.436332 -0.436301
-0.436332 -0.436301
-0.436332 -0.436301
-0.436332 -0.436301
-0.436332 -0.436301
-0.436332 -0.436301
-0.436332 -0.436301
-0.436332 -0.436301
-0.436332 -0.436301
-0.436332 -0.436301
-0.436332 -0.436301
-0.436332 -0.4363
-0.436332 -0.436301
-0.436332 -0.436301
-0.436332 -0.4363
-0.436332 -0.4363
-0.436332 -0.4363
-0.436332 -0.4363
-0.436332 -0.4363
-0.436332 -0.4363
-0.436332 -0.4363
-0.436332 -0.4363
-0.436332 -0.4363
-0.436332 -0.4363
-0.436332 -0.4363
-0.436332 -0.4363
-0.436332 -0.4363
-0.436332 -0.4363
-0.436332 -0.4363
-0.436332 -0.4363
-0.436332 -0.4363
-0.436332 -0.4363
-0.436332 -0.4363
-0.436332 -0.4363
-0.436332 -0.4363
-0.436332 -0.4363
-0.436332 -0.4363
-0.436332 -0.436299
-0.436332 -0.436299
-0.436332 -0.436299
-0.436332 -0.436299
-0.436332 -0.436299
-0.436332 -0.436299
-0.436332 -0.436299
-0.436332 -0.436299
-0.436332 -0.436299
-0.436332 -0.436299
-0.436332 -0.436299
-0.436332 -0.436299
-0.436332 -0.436299
-0.436332 -0.436299
-0.436332 -0.436299
-0.436332 -0.436299
-0.436332 -0.436299
-0.436332 -0.436299
-0.436332 -0.436299
-0.436332 -0.436299
-0.436332 -0.436299
-0.436332 -0.436299
-0.436332 -0.436298
-0.436332 -0.436298
-0.436332 -0.436298
-0.436332 -0.436298
-0.436332 -0.436298
-0.436332 -0.436298
-0.436332 -0.436298
-0.436332 -0.436298
-0.436332 -0.436298
-0.436332 -0.436298
-0.436332 -0.436298
-0.436332 -0.436298
-0.436332 -0.436298
-0.436332 -0.436298
-0.436332 -0.436298
-0.436332 -0.436297
-0.436332 -0.436297
-0.436332 -0.436297
-0.436332 -0.436297
-0.436332 -0.436297
-0.436332 -0.436297
-0.436332 -0.436297
-0.436332 -0.436297
-0.436332 -0.436297
-0.436332 -0.436297
-0.436332 -0.436297
-0.436332 -0.436297
-0.436332 -0.436296
-0.436332 -0.436296
-0.436332 -0.436296
-0.436332 -0.436296
-0.436332 -0.436296
-0.436332 -0.436296
-0.436332 -0.436296
-0.436332 -0.436296
-0.436332 -0.436296
-0.436332 -0.436296
-0.436332 -0.436296
-0.436332 -0.436296
-0.436332 -0.436296
-0.436332 -0.436296
-0.436332 -0.436296
-0.436332 -0.436296
-0.436332 -0.436296
-0.436332 -0.436295
-0.436332 -0.436295
-0.436332 -0.436295
-0.436332 -0.436295
-0.436332 -0.436295
-0.436332 -0.436295
-0.436332 -0.436295
-0.436332 -0.436295
-0.436332 -0.436295
-0.436332 -0.436295
-0.436332 -0.436295
-0.436332 -0.436295
-0.436332 -0.436294
-0.436332 -0.436294
-0.436332 -0.436294
-0.436332 -0.436294
-0.436332 -0.436294
-0.436332 -0.436294
-0.436332 -0.436294
-0.436332 -0.436294
-0.436332 -0.436294
-0.436332 -0.436293
-0.436332 -0.436293
-0.436332 -0.436293
-0.436332 -0.436293
-0.436332 -0.436293
-0.436332 -0.436293
-0.436332 -0.436293
-0.436332 -0.436293
-0.436332 -0.436293
-0.436332 -0.436292
-0.436332 -0.436292
-0.436332 -0.436292
-0.436332 -0.436292
-0.436332 -0.436292
-0.436332 -0.436292
-0.436332 -0.436292
-0.436332 -0.436291
-0.436332 -0.436291
-0.436332 -0.436291
-0.436332 -0.436291
-0.436332 -0.436291
-0.436332 -0.436291
-0.436332 -0.436291
-0.436332 -0.43629
-0.436332 -0.43629
-0.436332 -0.43629
-0.436332 -0.43629
-0.436332 -0.43629
-0.436332 -0.43629
-0.436332 -0.43629
-0.436332 -0.436289
-0.436332 -0.436289
-0.436332 -0.436289
-0.436332 -0.436289
-0.436332 -0.436289
-0.436332 -0.436289
-0.436332 -0.436288
-0.436332 -0.436288
-0.436332 -0.436288
-0.436332 -0.436288
-0.436332 -0.436288
-0.436332 -0.436288
-0.436332 -0.436288
-0.436332 -0.436287
-0.436332 -0.436287
-0.436332 -0.436287
-0.436332 -0.436287
-0.436332 -0.436287
-0.436332 -0.436287
-0.436332 -0.436286
-0.436332 -0.436286
-0.436332 -0.436286
-0.436332 -0.436286
-0.436332 -0.436286
-0.436332 -0.436286
-0.436332 -0.436285
-0.436332 -0.436285
-0.436332 -0.436285
-0.436332 -0.436285
-0.436332 -0.436285
-0.436332 -0.436285
-0.436332 -0.436285
-0.436332 -0.436285
-0.436332 -0.436285
-0.436332 -0.436285
-0.436332 -0.436284
-0.436332 -0.436284
-0.436332 -0.436284
-0.436332 -0.436284
-0.436332 -0.436284
-0.436332 -0.436283
-0.436332 -0.436283
-0.436332 -0.436283
-0.436332 -0.436283
-0.436332 -0.436283
-0.436332 -0.436283
-0.436332 -0.436282
-0.436332 -0.436282
-0.436332 -0.436282
-0.436332 -0.436282
-0.436332 -0.436282
-0.436332 -0.436282
-0.436332 -0.436281
-0.436332 -0.436281
-0.436332 -0.436281
-0.436332 -0.436281
-0.436332 -0.436281
-0.436332 -0.436281
-0.436332 -0.43628
-0.436332 -0.43628
-0.436332 -0.43628
-0.436332 -0.43628
-0.436332 -0.43628
-0.436332 -0.43628
-0.436332 -0.43628
-0.436332 -0.436279
-0.436332 -0.436279
-0.436332 -0.436279
-0.436332 -0.436279
-0.436332 -0.436279
-0.436332 -0.436278
-0.436332 -0.436278
-0.436332 -0.436278
-0.436332 -0.436278
-0.436332 -0.436278
-0.436332 -0.436278
-0.436332 -0.436277
-0.436332 -0.436277
-0.436332 -0.436277
-0.436332 -0.436277
-0.436332 -0.436277
-0.436332 -0.436277
-0.436332 -0.436276
-0.436332 -0.436276
-0.436332 -0.436276
-0.436332 -0.436276
-0.436332 -0.436276
-0.436332 -0.436276
-0.436332 -0.436275
-0.436332 -0.436275
-0.436332 -0.436275
-0.436332 -0.436275
-0.436332 -0.436275
-0.436332 -0.436275
-0.436332 -0.436275
-0.436332 -0.436274
-0.436332 -0.436274
-0.436332 -0.436274
-0.436332 -0.436274
-0.436332 -0.436274
-0.436332 -0.436274
-0.436332 -0.436273
-0.436332 -0.436273
-0.436332 -0.436273
-0.436332 -0.436273
-0.436332 -0.436273
-0.436332 -0.436272
-0.436332 -0.436272
-0.436332 -0.436272
-0.436332 -0.436272
-0.436332 -0.436272
-0.436332 -0.436272
-0.436332 -0.436272
-0.436332 -0.436271
-0.436332 -0.436271
-0.436332 -0.436271
-0.436332 -0.436271
-0.436332 -0.436271
-0.436332 -0.43627
-0.436332 -0.43627
-0.436332 -0.43627
-0.436332 -0.43627
-0.436332 -0.43627
-0.436332 -0.43627
-0.436332 -0.436269
-0.436332 -0.436269
-0.436332 -0.436269
-0.436332 -0.436269
-0.436332 -0.436269
-0.436332 -0.436268
-0.436332 -0.436268
-0.436332 -0.436268
-0.436332 -0.436268
-0.436332 -0.436268
-0.436332 -0.436267
-0.436332 -0.436267
-0.436332 -0.436267
-0.436332 -0.436267
-0.436332 -0.436267
-0.436332 -0.436267
-0.436332 -0.436267
-0.436332 -0.436266
-0.436332 -0.436266
-0.436332 -0.436266
-0.436332 -0.436266
-0.436332 -0.436266
-0.436332 -0.436265
-0.436332 -0.436265
-0.436332 -0.436265
-0.436332 -0.436265
-0.436332 -0.436265
-0.436332 -0.436265
-0.436332 -0.436265
-0.436332 -0.436265
-0.436332 -0.436265
-0.436332 -0.436265
-0.436332 -0.436264
-0.436332 -0.436264
-0.436332 -0.436264
-0.436332 -0.436264
-0.436332 -0.436264
-0.436332 -0.436264
-0.436332 -0.436263
-0.436332 -0.436263
-0.436332 -0.436263
-0.436332 -0.436263
-0.436332 -0.436263
-0.436332 -0.436263
-0.436332 -0.436262
-0.436332 -0.436262
-0.436332 -0.436262
-0.436332 -0.436262
-0.436332 -0.436262
-0.436332 -0.436262
-0.436332 -0.436261
-0.436332 -0.436261
-0.436332 -0.436261
-0.436332 -0.436261
-0.436332 -0.436261
-0.436332 -0.436261
-0.436332 -0.43626
-0.436332 -0.43626
-0.436332 -0.43626
-0.436332 -0.43626
-0.436332 -0.43626
-0.436332 -0.43626
-0.436332 -0.436259
-0.436332 -0.436259
-0.436332 -0.436259
-0.436332 -0.436259
-0.436332 -0.436259
-0.436332 -0.436259
-0.436332 -0.436258
-0.436332 -0.436258
-0.436332 -0.436258
-0.436332 -0.436258
-0.436332 -0.436258
-0.436332 -0.436257
-0.436332 -0.436257
-0.436332 -0.436257
-0.436332 -0.436257
-0.436332 -0.436257
-0.436332 -0.436257
-0.436332 -0.436256
-0.436332 -0.436256
-0.436332 -0.436256
-0.436332 -0.436256
-0.436332 -0.436256
-0.436332 -0.436256
-0.436332 -0.436256
-0.436332 -0.436255
-0.436332 -0.436255
-0.436332 -0.436255
-0.436332 -0.436255
-0.436332 -0.436255
-0.436332 -0.436255
-0.436332 -0.436255
-0.436332 -0.436255
-0.436332 -0.436254
-0.436332 -0.436254
-0.436332 -0.436254
-0.436332 -0.436254
-0.436332 -0.436254
-0.436332 -0.436254
-0.436332 -0.436253
-0.436332 -0.436253
-0.436332 -0.436253
-0.436332 -0.436253
-0.436332 -0.436253
-0.436332 -0.436253
-0.436332 -0.436252
-0.436332 -0.436252
-0.436332 -0.436252
-0.436332 -0.436252
-0.436332 -0.436252
-0.436332 -0.436252
-0.436332 -0.436251
-0.436332 -0.436251
-0.436332 -0.436251
-0.436332 -0.436251
-0.436332 -0.436251
-0.436332 -0.436251
-0.436332 -0.436251
-0.436332 -0.43625
-0.436332 -0.43625
-0.436332 -0.43625
-0.436332 -0.43625
-0.436332 -0.436249
-0.436332 -0.436249
-0.436332 -0.436249
-0.436332 -0.436249
-0.436332 -0.436249
-0.436332 -0.436249
-0.436332 -0.436249
-0.436332 -0.436248
-0.436332 -0.436248
-0.436332 -0.436248
-0.436332 -0.436248
-0.436332 -0.436248
-0.436332 -0.436248
-0.436332 -0.436248
-0.436332 -0.436247
-0.436332 -0.436247
-0.436332 -0.436247
-0.436332 -0.436247
-0.436332 -0.436247
-0.436332 -0.436247
-0.436332 -0.436246
-0.436332 -0.436246
-0.436332 -0.436246
-0.436332 -0.436246
-0.436332 -0.436246
-0.436332 -0.436246
-0.436332 -0.436245
-0.436332 -0.436245
-0.436332 -0.436245
-0.436332 -0.436245
-0.436332 -0.436245
-0.436332 -0.436245
-0.436332 -0.436245
-0.436332 -0.436244
-0.436332 -0.436244
-0.436332 -0.436244
-0.436332 -0.436244
-0.436332 -0.436244
-0.436332 -0.436244
-0.436332 -0.436244
-0.436332 -0.436244
-0.436332 -0.436244
-0.436332 -0.436244
-0.436332 -0.436244
-0.436332 -0.436243
-0.436332 -0.436243
-0.436332 -0.436243
-0.436332 -0.436243
-0.436332 -0.436243
-0.436332 -0.436243
-0.436332 -0.436243
-0.436332 -0.436243
-0.436332 -0.436242
-0.436332 -0.436242
-0.436332 -0.436242
-0.436332 -0.436242
-0.436332 -0.436242
-0.436332 -0.436242
-0.436332 -0.436241
-0.436332 -0.436241
-0.436332 -0.436241
-0.436332 -0.436241
-0.436332 -0.436241
-0.436332 -0.436241
-0.436332 -0.436241
-0.436332 -0.436241
-0.436332 -0.43624
-0.436332 -0.43624
-0.436332 -0.43624
-0.436332 -0.43624
-0.436332 -0.43624
-0.436332 -0.43624
-0.436332 -0.43624
-0.436332 -0.436239
-0.436332 -0.436239
-0.436332 -0.436239
-0.436332 -0.436239
-0.436332 -0.436239
-0.436332 -0.436239
-0.436332 -0.436239
-0.436332 -0.436238
-0.436332 -0.436238