-0.523066 -0.523066
-0.523066 -0.523066
-0.523066 -0.523066
-0.523067 -0.523066
-0.523068 -0.523066
-0.52307 -0.523066
-0.523072 -0.523066
-0.523074 -0.523066
-0.523077 -0.523067
-0.52308 -0.523067
-0.523083 -0.523067
-0.523087 -0.523068
-0.523091 -0.523069
-0.523095 -0.52307
-0.5231 -0.523071
-0.523105 -0.523072
-0.52311 -0.523073
-0.523116 -0.523075
-0.523122 -0.523077
-0.523128 -0.523078
-0.523135 -0.52308
-0.523142 -0.523083
-0.52315 -0.523085
-0.523158 -0.523088
-0.523166 -0.523091
-0.523174 -0.523094
-0.523183 -0.523098
-0.523192 -0.523101
-0.523202 -0.523105
-0.523212 -0.523109
-0.523222 -0.523114
-0.523232 -0.523118
-0.523243 -0.523124
-0.523254 -0.523129
-0.523266 -0.523135
-0.523278 -0.52314
-0.52329 -0.523147
-0.523303 -0.523153
-0.523316 -0.52316
-0.523329 -0.523167
-0.523343 -0.523174
-0.523357 -0.523182
-0.523371 -0.52319
-0.523386 -0.523198
-0.5234 -0.523207
-0.523416 -0.523216
-0.523431 -0.523225
-0.523447 -0.523235
-0.523464 -0.523245
-0.52348 -0.523255
-0.523497 -0.523266
-0.523515 -0.523277
-0.523533 -0.523289
-0.523551 -0.523301
-0.523569 -0.523313
-0.523588 -0.523325
-0.523607 -0.523338
-0.523626 -0.523351
-0.523646 -0.523365
-0.523666 -0.523379
-0.523686 -0.523393
-0.523707 -0.523408
-0.523728 -0.523423
-0.523749 -0.523438
-0.523771 -0.523454
-0.523793 -0.52347
-0.523815 -0.523487
-0.523838 -0.523504
-0.523861 -0.523521
-0.523885 -0.523539
-0.523908 -0.523557
-0.523932 -0.523575
-0.523957 -0.523594
-0.523981 -0.523613
-0.524007 -0.523633
-0.524032 -0.523653
-0.524058 -0.523673
-0.524084 -0.523694
-0.52411 -0.523715
-0.524137 -0.523736
-0.524164 -0.523758
-0.524191 -0.52378
-0.524219 -0.523803
-0.524247 -0.523826
-0.524275 -0.523849
-0.524304 -0.523873
-0.524333 -0.523897
-0.524362 -0.523921
-0.524392 -0.523946
-0.524422 -0.523972
-0.524452 -0.523997
-0.524483 -0.524023
-0.524514 -0.524049
-0.524545 -0.524076
-0.524577 -0.524104
-0.524609 -0.524131
-0.524641 -0.524159
-0.524674 -0.524187
-0.524707 -0.524216
-0.52474 -0.524245
-0.524774 -0.524274
-0.524808 -0.524304
-0.524842 -0.524334
-0.524877 -0.524365
-0.524912 -0.524396
-0.524947 -0.524427
-0.524982 -0.524459
-0.525018 -0.524491
-0.525054 -0.524523
-0.525091 -0.524557
-0.525128 -0.52459
-0.525165 -0.524623
-0.525203 -0.524657
-0.52524 -0.524692
-0.525279 -0.524726
-0.525317 -0.524761
-0.525356 -0.524797
-0.525395 -0.524833
-0.525434 -0.524869
-0.525474 -0.524906
-0.525514 -0.524942
-0.525555 -0.52498
-0.525595 -0.525017
-0.525637 -0.525055
-0.525678 -0.525094
-0.52572 -0.525133
-0.525762 -0.525172
-0.525804 -0.525211
-0.525847 -0.525251
-0.52589 -0.525291
-0.525933 -0.525332
-0.525976 -0.525373
-0.52602 -0.525414
-0.526065 -0.525456
-0.526109 -0.525498
-0.526154 -0.52554
-0.526199 -0.525583
-0.526245 -0.525626
-0.526291 -0.52567
-0.526337 -0.525713
-0.526383 -0.525757
-0.52643 -0.525802
-0.526477 -0.525847
-0.526525 -0.525892
-0.526572 -0.525938
-0.52662 -0.525984
-0.526669 -0.52603
-0.526718 -0.526077
-0.526767 -0.526124
-0.526816 -0.526171
-0.526866 -0.526219
-0.526915 -0.526268
-0.526966 -0.526316
-0.527016 -0.526365
-0.527067 -0.526414
-0.527118 -0.526464
-0.52717 -0.526513
-0.527222 -0.526563
-0.527274 -0.526614
-0.527326 -0.526665
-0.527379 -0.526716
-0.527432 -0.526768
-0.527486 -0.52682
-0.527539 -0.526872
-0.527593 -0.526925
-0.527648 -0.526978
-0.527702 -0.52703
-0.527757 -0.527084
-0.527813 -0.527138
-0.527868 -0.527193
-0.527924 -0.527247
-0.52798 -0.527302
-0.528037 -0.527358
-0.528093 -0.527413
-0.528151 -0.527469
-0.528208 -0.527525
-0.528266 -0.527582
-0.528324 -0.527639
-0.528382 -0.527696
-0.528441 -0.527754
-0.5285 -0.527812
-0.528559 -0.52787
-0.528619 -0.527929
-0.528679 -0.527988
-0.528739 -0.528047
-0.528799 -0.528107
-0.52886 -0.528167
-0.528921 -0.528227
-0.528983 -0.528288
-0.529044 -0.528349
-0.529106 -0.52841
-0.529169 -0.528471
-0.529231 -0.528533
-0.529294 -0.528596
-0.529358 -0.528658
-0.529421 -0.528721
-0.529485 -0.528785
-0.529549 -0.528849
-0.529614 -0.528913
-0.529678 -0.528976
-0.529743 -0.529041
-0.529809 -0.529106
-0.529874 -0.529171
-0.52994 -0.529237
-0.530007 -0.529303
-0.530073 -0.529369
-0.53014 -0.529435
-0.530207 -0.529502
-0.530275 -0.529569
-0.530343 -0.529636
-0.530411 -0.529704
-0.530479 -0.529772
-0.530548 -0.529841
-0.530617 -0.529909
-0.530686 -0.529978
-0.530756 -0.530047
-0.530826 -0.530117
-0.530896 -0.530187
-0.530966 -0.530258
-0.531037 -0.530328
-0.531108 -0.530399
-0.53118 -0.53047
-0.531251 -0.530541
-0.531323 -0.530613
-0.531395 -0.530685
-0.531468 -0.530758
-0.531541 -0.53083
-0.531614 -0.530904
-0.531688 -0.530977
-0.531761 -0.531051
-0.531835 -0.531125
-0.53191 -0.531199
-0.531984 -0.531273
-0.532059 -0.531349
-0.532135 -0.531424
-0.53221 -0.531499
-0.532286 -0.531575
-0.532362 -0.531651
-0.532438 -0.531728
-0.532515 -0.531805
-0.532592 -0.531882
-0.532669 -0.531959
-0.532747 -0.532037
-0.532825 -0.532115
-0.532903 -0.532193
-0.532982 -0.532272
-0.53306 -0.532351
-0.533139 -0.53243
-0.533219 -0.532509
-0.533298 -0.532589
-0.533378 -0.532669
-0.533459 -0.532749
-0.533539 -0.53283
-0.53362 -0.532911
-0.533701 -0.532992
-0.533782 -0.533073
-0.533864 -0.533155
-0.533946 -0.533237
-0.534028 -0.53332
-0.534111 -0.533403
-0.534194 -0.533486
-0.534277 -0.533569
-0.53436 -0.533653
-0.534444 -0.533737
-0.534528 -0.533821
-0.534612 -0.533906
-0.534697 -0.53399
-0.534782 -0.534076
-0.534867 -0.534161
-0.534952 -0.534247
-0.535038 -0.534333
-0.535124 -0.534419
-0.53521 -0.534506
-0.535297 -0.534593
-0.535383 -0.53468
-0.535471 -0.534767
-0.535558 -0.534855
-0.535646 -0.534943
-0.535734 -0.535031
-0.535822 -0.53512
-0.535911 -0.535209
-0.535999 -0.535298
-0.536089 -0.535388
-0.536178 -0.535478
-0.536268 -0.535568
-0.536358 -0.535658
-0.536448 -0.535748
-0.536538 -0.53584
-0.536629 -0.535931
-0.53672 -0.536022
-0.536812 -0.536114
-0.536904 -0.536206
-0.536995 -0.536298
-0.537088 -0.536391
-0.53718 -0.536484
-0.537273 -0.536577
-0.537366 -0.536671
-0.537459 -0.536765
-0.537553 -0.536859
-0.537647 -0.536953
-0.537741 -0.537047
-0.537836 -0.537142
-0.537931 -0.537238
-0.538026 -0.537333
-0.538121 -0.537429
-0.538216 -0.537525
-0.538312 -0.537621
-0.538409 -0.537718
-0.538505 -0.537815
-0.538602 -0.537912
-0.538699 -0.538009
-0.538796 -0.538107
-0.538893 -0.538205
-0.538991 -0.538303
-0.539089 -0.538402
-0.539188 -0.538501
-0.539286 -0.5386
-0.539385 -0.5387
-0.539485 -0.538799
-0.539584 -0.538899
-0.539684 -0.538999
-0.539784 -0.5391
-0.539884 -0.5392
-0.539985 -0.539301
-0.540085 -0.539403
-0.540187 -0.539505
-0.540288 -0.539607
-0.54039 -0.539709
-0.540492 -0.539812
-0.540594 -0.539914
-0.540696 -0.540017
-0.540799 -0.540121
-0.540902 -0.540224
-0.541005 -0.540328
-0.541109 -0.540432
-0.541213 -0.540536
-0.541317 -0.540641
-0.541421 -0.540746
-0.541526 -0.540851
-0.541631 -0.540956
-0.541736 -0.541062
-0.541842 -0.541169
-0.541947 -0.541275
-0.542053 -0.541381
-0.54216 -0.541488
-0.542266 -0.541595
-0.542373 -0.541702
-0.54248 -0.54181
-0.542587 -0.541918
-0.542695 -0.542026
-0.542803 -0.542135
-0.542911 -0.542243
-0.54302 -0.542352
-0.543128 -0.542462
-0.543237 -0.542571
-0.543347 -0.542681
-0.543456 -0.542791
-0.543566 -0.542902
-0.543676 -0.543012
-0.543786 -0.543123
-0.543897 -0.543234
-0.544007 -0.543345
-0.544119 -0.543457
-0.54423 -0.543569
-0.544342 -0.543681
-0.544453 -0.543794
-0.544566 -0.543906
-0.544678 -0.544019
-0.544791 -0.544133
-0.544904 -0.544246
-0.545017 -0.54436
-0.54513 -0.544474
-0.545244 -0.544588
-0.545358 -0.544703
-0.545472 -0.544817
-0.545587 -0.544933
-0.545702 -0.545048
-0.545817 -0.545164
-0.545932 -0.54528
-0.546048 -0.545396
-0.546163 -0.545512
-0.546279 -0.545629
-0.546396 -0.545746
-0.546512 -0.545863
-0.546629 -0.54598
-0.546746 -0.546098
-0.546864 -0.546216
-0.546982 -0.546334
-0.547099 -0.546453
-0.547218 -0.546572
-0.547336 -0.54669
-0.547455 -0.54681
-0.547574 -0.546929
-0.547693 -0.547049
-0.547812 -0.547169
-0.547932 -0.547289
-0.548052 -0.54741
-0.548172 -0.547531
-0.548293 -0.547652
-0.548413 -0.547773
-0.548534 -0.547895
-0.548656 -0.548017
-0.548777 -0.548139
-0.548899 -0.548261
-0.549021 -0.548384
-0.549143 -0.548507
-0.549266 -0.54863
-0.549389 -0.548753
-0.549512 -0.548877
-0.549635 -0.549001
-0.549759 -0.549125
-0.549882 -0.549249
-0.550006 -0.549374
-0.550131 -0.549499
-0.550255 -0.549623
-0.55038 -0.549749
-0.550505 -0.549875
-0.550631 -0.550001
-0.550756 -0.550127
-0.550882 -0.550253
-0.551008 -0.55038
-0.551134 -0.550507
-0.551261 -0.550634
-0.551388 -0.550762
-0.551515 -0.550889
-0.551642 -0.551017
-0.55177 -0.551145
-0.551898 -0.551273
-0.552026 -0.551403
-0.552154 -0.551531
-0.552283 -0.551661
-0.552412 -0.55179
-0.552541 -0.551919
-0.55267 -0.55205
-0.5528 -0.55218
-0.552929 -0.55231
-0.55306 -0.552441
-0.55319 -0.552572
-0.55332 -0.552703
-0.553451 -0.552834
-0.553582 -0.552966
-0.553714 -0.553098
-0.553845 -0.55323
-0.553977 -0.553362
-0.554109 -0.553495
-0.554241 -0.553628
-0.554374 -0.553761
-0.554507 -0.553895
-0.55464 -0.554028
-0.554773 -0.554162
-0.554907 -0.554296
-0.55504 -0.55443
-0.555174 -0.554565
-0.555309 -0.5547
-0.555443 -0.554835
-0.555578 -0.55497
-0.555713 -0.555106
-0.555848 -0.555242
-0.555984 -0.555377
-0.556119 -0.555514
-0.556255 -0.55565
-0.556392 -0.555787
-0.556528 -0.555924
-0.556665 -0.556061
-0.556802 -0.556199
-0.556939 -0.556336
-0.557076 -0.556475
-0.557214 -0.556612
-0.557352 -0.556751
-0.55749 -0.55689
-0.557628 -0.557029
-0.557767 -0.557168
-0.557906 -0.557308
-0.558045 -0.557447
-0.558184 -0.557587
-0.558324 -0.557727
-0.558464 -0.557868
-0.558604 -0.558008
-0.558744 -0.558149
-0.558884 -0.55829
-0.559025 -0.558432
-0.559166 -0.558573
-0.559307 -0.558715
-0.559449 -0.558857
-0.559591 -0.558999
-0.559733 -0.559142
-0.559875 -0.559285
-0.560017 -0.559428
-0.56016 -0.559571
-0.560303 -0.559714
-0.560446 -0.559858
-0.560589 -0.560002
-0.560733 -0.560146
-0.560877 -0.560291
-0.561021 -0.560435
-0.561165 -0.56058
-0.56131 -0.560725
-0.561454 -0.560871
-0.561599 -0.561016
-0.561745 -0.561162
-0.56189 -0.561308
-0.562036 -0.561454
-0.562182 -0.561601
-0.562328 -0.561747
-0.562474 -0.561894
-0.562621 -0.562042
-0.562768 -0.562189
-0.562915 -0.562336
-0.563062 -0.562484
-0.56321 -0.562633
-0.563358 -0.562781
-0.563506 -0.56293
-0.563654 -0.563078
-0.563802 -0.563228
-0.563951 -0.563377
-0.5641 -0.563527
-0.564249 -0.563676
-0.564399 -0.563826
-0.564548 -0.563976
-0.564698 -0.564126
-0.564848 -0.564277
-0.564999 -0.564428
-0.565149 -0.564579
-0.5653 -0.564731
-0.565451 -0.564882
-0.565602 -0.565034
-0.565754 -0.565186
-0.565905 -0.565338
-0.566057 -0.56549
-0.566209 -0.565643
-0.566362 -0.565796
-0.566514 -0.565949
-0.566667 -0.566103
-0.56682 -0.566256
-0.566973 -0.56641
-0.567127 -0.566564
-0.567281 -0.566719
-0.567435 -0.566873
-0.567589 -0.567028
-0.567743 -0.567183
-0.567898 -0.567338
-0.568053 -0.567493
-0.568208 -0.567648
-0.568363 -0.567804
-0.568518 -0.56796
-0.568674 -0.568117
-0.56883 -0.568273
-0.568986 -0.56843
-0.569143 -0.568587
-0.569299 -0.568744
-0.569456 -0.568901
-0.569613 -0.569059
-0.56977 -0.569217
-0.569928 -0.569375
-0.570086 -0.569533
-0.570244 -0.569692
-0.570402 -0.56985
-0.57056 -0.570009
-0.570719 -0.570168
-0.570878 -0.570328
-0.571037 -0.570487
-0.571196 -0.570647
-0.571355 -0.570807
-0.571515 -0.570967
-0.571675 -0.571128
-0.571835 -0.571289
-0.571995 -0.571449
-0.572156 -0.57161
-0.572317 -0.571772
-0.572478 -0.571933
-0.572639 -0.572095
-0.5728 -0.572257
-0.572962 -0.572419
-0.573124 -0.572581
-0.573286 -0.572744
-0.573448 -0.572907
-0.573611 -0.57307
-0.573774 -0.573233
-0.573937 -0.573397
-0.5741 -0.57356
-0.574263 -0.573724
-0.574427 -0.573888
-0.57459 -0.574052
-0.574755 -0.574217
-0.574919 -0.574382
-0.575083 -0.574547
-0.575248 -0.574712
-0.575413 -0.574877
-0.575578 -0.575043
-0.575743 -0.575209
-0.575909 -0.575375
-0.576074 -0.575541
-0.57624 -0.575707
-0.576406 -0.575874
-0.576573 -0.576041
-0.576739 -0.576208
-0.576906 -0.576375
-0.577073 -0.576543
-0.57724 -0.57671
-0.577408 -0.576879
-0.577575 -0.577047
-0.577743 -0.577215
-0.577911 -0.577384
-0.578079 -0.577552
-0.578248 -0.577721
-0.578417 -0.57789
-0.578585 -0.57806
-0.578754 -0.578229
-0.578924 -0.578399
-0.579093 -0.578569
-0.579263 -0.57874
-0.579433 -0.57891
-0.579603 -0.579081
-0.579773 -0.579251
-0.579944 -0.579422
-0.580115 -0.579594
-0.580286 -0.579765
-0.580457 -0.579937
-0.580628 -0.580109
-0.5808 -0.580281
-0.580971 -0.580453
-0.581143 -0.580626
-0.581316 -0.580798
-0.581488 -0.580971
-0.58166 -0.581144
-0.581833 -0.581317
-0.582006 -0.581491
-0.582179 -0.581665
-0.582353 -0.581839
-0.582526 -0.582013
-0.5827 -0.582187
-0.582874 -0.582362
-0.583048 -0.582536
-0.583223 -0.582711
-0.583398 -0.582886
-0.583572 -0.583062
-0.583747 -0.583237
-0.583923 -0.583413
-0.584098 -0.583589
-0.584274 -0.583765
-0.584449 -0.583941
-0.584625 -0.584118
-0.584802 -0.584294
-0.584978 -0.584471
-0.585155 -0.584649
-0.585332 -0.584826
-0.585509 -0.585003
-0.585686 -0.585181
-0.585863 -0.585359
-0.586041 -0.585537
-0.586219 -0.585715
-0.586397 -0.585894
-0.586575 -0.586072
-0.586753 -0.586252
-0.586932 -0.586431
-0.587111 -0.58661
-0.58729 -0.58679
-0.587469 -0.586969
-0.587648 -0.587149
-0.587828 -0.587329
-0.588008 -0.587509
-0.588188 -0.58769
-0.588368 -0.58787
-0.588548 -0.588051
-0.588729 -0.588233
-0.588909 -0.588414
-0.58909 -0.588595
-0.589272 -0.588777
-0.589453 -0.588958
-0.589634 -0.58914
-0.589816 -0.589323
-0.589998 -0.589505
-0.59018 -0.589687
-0.590363 -0.58987
-0.590545 -0.590054
-0.590728 -0.590237
-0.590911 -0.59042
-0.591094 -0.590603
-0.591277 -0.590787
-0.59146 -0.590971
-0.591644 -0.591156
-0.591828 -0.59134
-0.592012 -0.591525
-0.592196 -0.591709
-0.592381 -0.591894
-0.592565 -0.592079
-0.59275 -0.592264
-0.592935 -0.59245
-0.59312 -0.592635
-0.593306 -0.592821
-0.593491 -0.593007
-0.593677 -0.593194
-0.593863 -0.59338
-0.594049 -0.593566
-0.594235 -0.593753
-0.594422 -0.59394
-0.594608 -0.594127
-0.594795 -0.594315
-0.594982 -0.594502
-0.59517 -0.59469
-0.595357 -0.594878
-0.595545 -0.595066
-0.595732 -0.595254
-0.59592 -0.595442
-0.596109 -0.595631
-0.596297 -0.59582
-0.596485 -0.596009
-0.596674 -0.596198
-0.596863 -0.596388
-0.597052 -0.596577
-0.597241 -0.596767
-0.597431 -0.596957
-0.597621 -0.597147
-0.59781 -0.597337
-0.598 -0.597528
-0.598191 -0.597719
-0.598381 -0.597909
-0.598572 -0.598101
-0.598762 -0.598292
-0.598953 -0.598484
-0.599144 -0.598675
-0.599336 -0.598867
-0.599527 -0.599059
-0.599719 -0.599251
-0.599911 -0.599443
-0.600103 -0.599636
-0.600295 -0.599828
-0.600487 -0.600021
-0.60068 -0.600214
-0.600873 -0.600408
-0.601065 -0.600601
-0.601259 -0.600794
-0.601452 -0.600988
-0.601645 -0.601182
-0.601839 -0.601377
-0.602033 -0.601571
-0.602227 -0.601765
-0.602421 -0.60196
-0.602615 -0.602154
-0.60281 -0.602349
-0.603004 -0.602544
-0.603199 -0.60274
-0.603394 -0.602935
-0.60359 -0.603131
-0.603785 -0.603327
-0.603981 -0.603523
-0.604176 -0.603719
-0.604372 -0.603916
-0.604568 -0.604112
-0.604765 -0.604309
-0.604961 -0.604506
-0.605158 -0.604703
-0.605355 -0.6049
-0.605552 -0.605098
-0.605749 -0.605296
-0.605946 -0.605493
-0.606144 -0.605691
-0.606341 -0.605889
-0.606539 -0.606088
-0.606737 -0.606286
-0.606935 -0.606485
-0.607134 -0.606684
-0.607332 -0.606883
-0.607531 -0.607082
-0.60773 -0.607281
-0.607929 -0.607481
-0.608128 -0.607681
-0.608328 -0.607881
-0.608527 -0.60808
-0.608727 -0.608281
-0.608927 -0.608481
-0.609127 -0.608682
-0.609327 -0.608882
-0.609528 -0.609084
-0.609728 -0.609285
-0.609929 -0.609486
-0.61013 -0.609687
-0.610331 -0.609889
-0.610532 -0.61009
-0.610734 -0.610292
-0.610935 -0.610494
-0.611137 -0.610697
-0.611339 -0.610899
-0.611541 -0.611102
-0.611743 -0.611304
-0.611946 -0.611507
-0.612148 -0.61171
-0.612351 -0.611914
-0.612554 -0.612117
-0.612757 -0.61232
-0.61296 -0.612525
-0.613164 -0.612728
-0.613367 -0.612932
-0.613571 -0.613136
-0.613775 -0.613341
-0.613979 -0.613545
-0.614184 -0.61375
-0.614388 -0.613955
-0.614593 -0.61416
-0.614797 -0.614365
-0.615002 -0.614571
-0.615207 -0.614776
-0.615413 -0.614982
-0.615618 -0.615188
-0.615823 -0.615394
-0.616029 -0.6156
-0.616235 -0.615806
-0.616441 -0.616013
-0.616647 -0.616219
-0.616854 -0.616426
-0.61706 -0.616633
-0.617267 -0.61684
-0.617474 -0.617048
-0.617681 -0.617255
-0.617888 -0.617463
-0.618095 -0.617671
-0.618303 -0.617878
-0.61851 -0.618086
-0.618718 -0.618295
-0.618926 -0.618503
-0.619134 -0.618712
-0.619343 -0.61892
-0.619551 -0.619129
-0.61976 -0.619339
-0.619968 -0.619547
-0.620177 -0.619757
-0.620386 -0.619967
-0.620596 -0.620176
-0.620805 -0.620386
-0.621015 -0.620596
-0.621224 -0.620806
-0.621434 -0.621017
-0.621644 -0.621227
-0.621854 -0.621438
-0.622065 -0.621648
-0.622275 -0.621859
-0.622486 -0.62207
-0.622697 -0.622282
-0.622908 -0.622493
-0.623119 -0.622705
-0.62333 -0.622916
-0.623541 -0.623128
-0.623753 -0.62334
-0.623965 -0.623552
-0.624176 -0.623765
-0.624388 -0.623977
-0.624601 -0.62419
-0.624813 -0.624403
-0.625025 -0.624615
-0.625238 -0.624828
-0.625451 -0.625041
-0.625664 -0.625255
-0.625877 -0.625468
-0.62609 -0.625682
-0.626303 -0.625896
-0.626517 -0.62611
-0.626731 -0.626324
-0.626945 -0.626538
-0.627159 -0.626753
-0.627373 -0.626967
-0.627587 -0.627182
-0.627801 -0.627397
-0.628016 -0.627612
-0.628231 -0.627827
-0.628446 -0.628043
-0.628661 -0.628258
-0.628876 -0.628474
-0.629091 -0.628689
-0.629307 -0.628906
-0.629522 -0.629122
-0.629738 -0.629338
-0.629954 -0.629554
-0.63017 -0.629771
-0.630386 -0.629987
-0.630602 -0.630204
-0.630819 -0.630421
-0.631036 -0.630639
-0.631252 -0.630856
-0.631469 -0.631073
-0.631686 -0.63129
-0.631904 -0.631508
-0.632121 -0.631726
-0.632339 -0.631944
-0.632556 -0.632162
-0.632774 -0.63238
-0.632992 -0.632599
-0.63321 -0.632817
-0.633428 -0.633036
-0.633647 -0.633255
-0.633865 -0.633474
-0.634084 -0.633693
-0.634303 -0.633912
-0.634521 -0.634131
-0.634741 -0.634351
-0.63496 -0.634571
-0.635179 -0.63479
-0.635399 -0.63501
-0.635618 -0.635231
-0.635838 -0.635451
-0.636058 -0.635671
-0.636278 -0.635892
-0.636498 -0.636113
-0.636719 -0.636333
-0.636939 -0.636554
-0.63716 -0.636775
-0.63738 -0.636996
-0.637601 -0.637218
-0.637822 -0.637439
-0.638044 -0.637661
-0.638265 -0.637883
-0.638486 -0.638104
-0.638708 -0.638327
-0.63893 -0.638549
-0.639152 -0.638771
-0.639374 -0.638993
-0.639596 -0.639216
-0.639818 -0.639439
-0.64004 -0.639662
-0.640263 -0.639884
-0.640486 -0.640108
-0.640708 -0.640331
-0.640931 -0.640554
-0.641154 -0.640778
-0.641378 -0.641002
-0.641601 -0.641225
-0.641825 -0.641449
-0.642048 -0.641674
-0.642272 -0.641898
-0.642496 -0.642122
-0.64272 -0.642347
-0.642944 -0.642571
-0.643168 -0.642796
-0.643393 -0.643021
-0.643617 -0.643246
-0.643842 -0.643471
-0.644067 -0.643696
-0.644292 -0.643921
-0.644517 -0.644147
-0.644742 -0.644373
-0.644967 -0.644598
-0.645193 -0.644825
-0.645418 -0.645051
-0.645644 -0.645277
-0.64587 -0.645503
-0.646096 -0.64573
-0.646322 -0.645956
-0.646548 -0.646183
-0.646775 -0.64641
-0.647001 -0.646636
-0.647228 -0.646863
-0.647455 -0.64709
-0.647682 -0.647318
-0.647909 -0.647545
-0.648136 -0.647773
-0.648363 -0.648001
-0.64859 -0.648229
-0.648818 -0.648457
-0.649046 -0.648685
-0.649273 -0.648913
-0.649501 -0.649141
-0.649729 -0.64937
-0.649958 -0.649599
-0.650186 -0.649827
-0.650414 -0.650056
-0.650643 -0.650285
-0.650871 -0.650515
-0.6511 -0.650744
-0.651329 -0.650973
-0.651558 -0.651203
-0.651787 -0.651432
-0.652017 -0.651662
-0.652246 -0.651892
-0.652476 -0.652122
-0.652705 -0.652352
-0.652935 -0.652582
-0.653165 -0.652812
-0.653395 -0.653043
-0.653625 -0.653274
-0.653855 -0.653504
-0.654086 -0.653735
-0.654316 -0.653966
-0.654547 -0.654197
-0.654778 -0.654428
-0.655009 -0.65466
-0.65524 -0.654891
-0.655471 -0.655123
-0.655702 -0.655354
-0.655933 -0.655586
-0.656165 -0.655818
-0.656396 -0.656051
-0.656628 -0.656283
-0.65686 -0.656515
-0.657092 -0.656747
-0.657324 -0.65698
-0.657556 -0.657213
-0.657788 -0.657445
-0.658021 -0.657678
-0.658253 -0.657911
-0.658486 -0.658144
-0.658719 -0.658378
-0.658952 -0.658611
-0.659185 -0.658844
-0.659418 -0.659078
-0.659651 -0.659312
-0.659884 -0.659545
-0.660118 -0.659779
-0.660351 -0.660014
-0.660585 -0.660248
-0.660819 -0.660482
-0.661053 -0.660717
-0.661287 -0.660951
-0.661521 -0.661185
-0.661755 -0.66142
-0.66199 -0.661655
-0.662224 -0.66189
-0.662459 -0.662125
-0.662694 -0.66236
-0.662928 -0.662595
-0.663163 -0.662831
-0.663398 -0.663066
-0.663634 -0.663302
-0.663869 -0.663538
-0.664104 -0.663774
-0.66434 -0.66401
-0.664575 -0.664246
-0.664811 -0.664482
-0.665047 -0.664718
-0.665283 -0.664955
-0.665519 -0.665191
-0.665755 -0.665428
-0.665991 -0.665665
-0.666228 -0.665902
-0.666464 -0.666138
-0.666701 -0.666376
-0.666938 -0.666613
-0.667174 -0.66685
-0.667411 -0.667087
-0.667648 -0.667325
-0.667886 -0.667562
-0.668123 -0.6678
-0.66836 -0.668038
-0.668598 -0.668276
-0.668835 -0.668514
-0.669073 -0.668752
-0.669311 -0.668991
-0.669549 -0.669229
-0.669787 -0.669467
-0.670025 -0.669706
-0.670263 -0.669944
-0.670501 -0.670183
-0.67074 -0.670422
-0.670978 -0.670661
-0.671217 -0.6709
-0.671456 -0.671139
-0.671695 -0.671379
-0.671933 -0.671618
-0.672173 -0.671858
-0.672412 -0.672097
-0.672651 -0.672337
-0.67289 -0.672577
-0.67313 -0.672817
-0.673369 -0.673057
-0.673609 -0.673297
-0.673849 -0.673537
-0.674089 -0.673777
-0.674329 -0.674018
-0.674569 -0.674258
-0.674809 -0.674499
-0.675049 -0.67474
-0.67529 -0.67498
-0.67553 -0.675221
-0.675771 -0.675462
-0.676011 -0.675704
-0.676252 -0.675945
-0.676493 -0.676186
-0.676734 -0.676427
-0.676975 -0.676669
-0.677216 -0.67691
-0.677457 -0.677152
-0.677699 -0.677394
-0.67794 -0.677636
-0.678182 -0.677878
-0.678424 -0.67812
-0.678665 -0.678362
-0.678907 -0.678605
-0.679149 -0.678847
-0.679391 -0.67909
-0.679633 -0.679332
-0.679876 -0.679575
-0.680118 -0.679818
-0.68036 -0.680061
-0.680603 -0.680304
-0.680845 -0.680547
-0.681088 -0.68079
-0.681331 -0.681033
-0.681574 -0.681277
-0.681817 -0.68152
-0.68206 -0.681764
-0.682303 -0.682007
-0.682547 -0.682251
-0.68279 -0.682495
-0.683033 -0.682739
-0.683277 -0.682983
-0.683521 -0.683227
-0.683764 -0.683471
-0.684008 -0.683716
-0.684252 -0.68396
-0.684496 -0.684205
-0.68474 -0.684449
-0.684985 -0.684694
-0.685229 -0.684938
-0.685473 -0.685183
-0.685718 -0.685428
-0.685962 -0.685673
-0.686207 -0.685918
-0.686452 -0.686164
-0.686697 -0.686409
-0.686942 -0.686654
-0.687187 -0.6869
-0.687432 -0.687145
-0.687677 -0.687391
-0.687922 -0.687637
-0.688168 -0.687883
-0.688413 -0.688128
-0.688659 -0.688375
-0.688904 -0.688621
-0.68915 -0.688867
-0.689396 -0.689113
-0.689642 -0.689359
-0.689888 -0.689606
-0.690134 -0.689853
-0.69038 -0.690099
-0.690626 -0.690346
-0.690872 -0.690593
-0.691119 -0.69084
-0.691365 -0.691086
-0.691612 -0.691334
-0.691859 -0.691581
-0.692105 -0.691828
-0.692352 -0.692075
-0.692599 -0.692323
-0.692846 -0.69257
-0.693093 -0.692818
-0.69334 -0.693065
-0.693588 -0.693313
-0.693835 -0.693561
-0.694083 -0.693809
-0.69433 -0.694057
-0.694578 -0.694305
-0.694825 -0.694553
-0.695073 -0.694801
-0.695321 -0.695049
-0.695569 -0.695297
-0.695817 -0.695546
-0.696065 -0.695795
-0.696313 -0.696043
-0.696561 -0.696292
-0.69681 -0.696541
-0.697058 -0.69679
-0.697307 -0.697039
-0.697555 -0.697288
-0.697804 -0.697536
-0.698052 -0.697786
-0.698301 -0.698035
-0.69855 -0.698284
-0.698799 -0.698534
-0.699048 -0.698783
-0.699297 -0.699033
-0.699546 -0.699282
-0.699796 -0.699532
-0.700045 -0.699782
-0.700294 -0.700032
-0.700544 -0.700282
-0.700794 -0.700532
-0.701043 -0.700782
-0.701293 -0.701032
-0.701543 -0.701283
-0.701793 -0.701533
-0.702043 -0.701783
-0.702293 -0.702034
-0.702543 -0.702284
-0.702793 -0.702535
-0.703043 -0.702786
-0.703293 -0.703037
-0.703544 -0.703287
-0.703794 -0.703538
-0.704045 -0.703789
-0.704295 -0.704041
-0.704546 -0.704292
-0.704797 -0.704543
-0.705048 -0.704794
-0.705299 -0.705045
-0.70555 -0.705297
-0.705801 -0.705548
-0.706052 -0.7058
-0.706303 -0.706051
-0.706554 -0.706303
-0.706806 -0.706555
-0.707057 -0.706807
-0.707308 -0.707059
-0.70756 -0.707311
-0.707812 -0.707563
-0.708063 -0.707815
-0.708315 -0.708067
-0.708567 -0.70832
-0.708819 -0.708572
-0.709071 -0.708824
-0.709323 -0.709077
-0.709575 -0.70933
-0.709827 -0.709582
-0.710079 -0.709835
-0.710332 -0.710088
-0.710584 -0.71034
-0.710836 -0.710593
-0.711089 -0.710846
-0.711342 -0.711099
-0.711594 -0.711352
-0.711847 -0.711606
-0.7121 -0.711859
-0.712352 -0.712112
-0.712605 -0.712365
-0.712858 -0.712619
-0.713111 -0.712872
-0.713364 -0.713126
-0.713618 -0.713379
-0.713871 -0.713633
-0.714124 -0.713887
-0.714377 -0.714141
-0.714631 -0.714395
-0.714884 -0.714649
-0.715138 -0.714903
-0.715392 -0.715157
-0.715645 -0.715411
-0.715899 -0.715665
-0.716153 -0.715919
-0.716407 -0.716174
-0.71666 -0.716428
-0.716914 -0.716682
-0.717169 -0.716937
-0.717423 -0.717191
-0.717677 -0.717446
-0.717931 -0.7177
-0.718185 -0.717955
-0.71844 -0.71821
-0.718694 -0.718465
-0.718948 -0.718719
-0.719203 -0.718975
-0.719458 -0.71923
-0.719712 -0.719485
-0.719967 -0.71974
-0.720222 -0.719995
-0.720477 -0.720251
-0.720731 -0.720506
-0.720986 -0.720761
-0.721241 -0.721017
-0.721496 -0.721272
-0.721751 -0.721528
-0.722007 -0.721783
-0.722262 -0.722039
-0.722517 -0.722295
-0.722772 -0.722551
-0.723028 -0.722806
-0.723283 -0.723062
-0.723539 -0.723318
-0.723794 -0.723574
-0.72405 -0.72383
-0.724306 -0.724087
-0.724561 -0.724343
-0.724817 -0.724599
-0.725073 -0.724855
-0.725329 -0.725112
-0.725585 -0.725368
-0.725841 -0.725625
-0.726097 -0.725881
-0.726353 -0.726138
-0.726609 -0.726394
-0.726865 -0.726651
-0.727121 -0.726908
-0.727378 -0.727164
-0.727634 -0.727421
-0.72789 -0.727678
-0.728147 -0.727935
-0.728403 -0.728192
-0.72866 -0.728449
-0.728917 -0.728706
-0.729173 -0.728963
-0.72943 -0.72922
-0.729687 -0.729477
-0.729943 -0.729734
-0.7302 -0.729992
-0.730457 -0.730249
-0.730714 -0.730507
-0.730971 -0.730764
-0.731228 -0.731022
-0.731485 -0.731279
-0.731743 -0.731537
-0.732 -0.731794
-0.732257 -0.732052
-0.732514 -0.73231
-0.732772 -0.732568
-0.733029 -0.732826
-0.733286 -0.733083
-0.733544 -0.733341
-0.733801 -0.733599
-0.734059 -0.733857
-0.734317 -0.734115
-0.734574 -0.734374
-0.734832 -0.734632
-0.73509 -0.73489
-0.735347 -0.735148
-0.735605 -0.735406
-0.735863 -0.735664
-0.736121 -0.735923
-0.736379 -0.736181
-0.736637 -0.73644
-0.736895 -0.736698
-0.737153 -0.736957
-0.737411 -0.737216
-0.73767 -0.737474
-0.737928 -0.737733
-0.738186 -0.737991
-0.738444 -0.73825
-0.738703 -0.738509
-0.738961 -0.738768
-0.73922 -0.739027
-0.739478 -0.739286
-0.739737 -0.739545
-0.739995 -0.739804
-0.740254 -0.740063
-0.740512 -0.740322
-0.740771 -0.740581
-0.74103 -0.74084
-0.741289 -0.741099
-0.741547 -0.741359
-0.741806 -0.741618
-0.742065 -0.741877
-0.742324 -0.742136
-0.742583 -0.742396
-0.742842 -0.742656
-0.743101 -0.742915
-0.74336 -0.743174
-0.743619 -0.743434
-0.743878 -0.743693
-0.744137 -0.743953
-0.744397 -0.744213
-0.744656 -0.744473
-0.744915 -0.744732
-0.745175 -0.744992
-0.745434 -0.745252
-0.745693 -0.745512
-0.745953 -0.745771
-0.746212 -0.746031
-0.746472 -0.746291
-0.746731 -0.746551
-0.746991 -0.746811
-0.74725 -0.747072
-0.74751 -0.747332
-0.74777 -0.747592
-0.748029 -0.747852
-0.748289 -0.748112
-0.748549 -0.748372
-0.748809 -0.748632
-0.749068 -0.748893
-0.749328 -0.749153
-0.749588 -0.749413
-0.749848 -0.749674
-0.750108 -0.749934
-0.750368 -0.750195
-0.750628 -0.750455
-0.750888 -0.750716
-0.751148 -0.750976
-0.751408 -0.751237
-0.751669 -0.751498
-0.751929 -0.751758
-0.752189 -0.752019
-0.752449 -0.752279
-0.752709 -0.75254
-0.75297 -0.752801
-0.75323 -0.753062
-0.75349 -0.753323
-0.753751 -0.753583
-0.754011 -0.753844
-0.754272 -0.754105
-0.754532 -0.754366
-0.754793 -0.754627
-0.755053 -0.754888
-0.755314 -0.755149
-0.755574 -0.75541
-0.755835 -0.755671
-0.756095 -0.755932
-0.756356 -0.756193
-0.756617 -0.756454
-0.756877 -0.756715
-0.757138 -0.756976
-0.757399 -0.757238
-0.75766 -0.757499
-0.75792 -0.75776
-0.758181 -0.758021
-0.758442 -0.758283
-0.758703 -0.758544
-0.758964 -0.758806
-0.759225 -0.759067
-0.759486 -0.759328
-0.759747 -0.75959
-0.760008 -0.759851
-0.760269 -0.760113
-0.76053 -0.760374
-0.760791 -0.760636
-0.761052 -0.760897
-0.761313 -0.761159
-0.761574 -0.76142
-0.761835 -0.761682
-0.762096 -0.761943
-0.762357 -0.762205
-0.762619 -0.762467
-0.76288 -0.762728
-0.763141 -0.76299
-0.763402 -0.763252
-0.763664 -0.763514
-0.763925 -0.763775
-0.764186 -0.764037
-0.764447 -0.764299
-0.764709 -0.764561
-0.76497 -0.764822
-0.765232 -0.765084
-0.765493 -0.765346
-0.765754 -0.765608
-0.766016 -0.76587
-0.766277 -0.766132
-0.766539 -0.766394
-0.7668 -0.766656
-0.767062 -0.766918
-0.767323 -0.76718
-0.767585 -0.767442
-0.767846 -0.767704
-0.768108 -0.767966
-0.76837 -0.768228
-0.768631 -0.76849
-0.768893 -0.768752
-0.769154 -0.769014
-0.769416 -0.769276
-0.769678 -0.769538
-0.769939 -0.7698
-0.770201 -0.770062
-0.770463 -0.770324
-0.770724 -0.770586
-0.770986 -0.770848
-0.771248 -0.771111
-0.77151 -0.771373
-0.771771 -0.771635
-0.772033 -0.771897
-0.772295 -0.77216
-0.772557 -0.772422
-0.772818 -0.772684
-0.77308 -0.772946
-0.773342 -0.773209
-0.773604 -0.773471
-0.773866 -0.773733
-0.774128 -0.773995
-0.77439 -0.774258
-0.774651 -0.77452
-0.774913 -0.774782
-0.775175 -0.775044
-0.775437 -0.775307
-0.775699 -0.775569
-0.775961 -0.775832
-0.776223 -0.776094
-0.776485 -0.776356
-0.776747 -0.776619
-0.777009 -0.776881
-0.777271 -0.777144
-0.777533 -0.777406
-0.777795 -0.777669
-0.778057 -0.777931
-0.778319 -0.778193
-0.778581 -0.778456
-0.778843 -0.778718
-0.779105 -0.778981
-0.779367 -0.779243
-0.779629 -0.779506
-0.779891 -0.779768
-0.780153 -0.780031
-0.780415 -0.780293
-0.780677 -0.780556
-0.780939 -0.780818
-0.781201 -0.781081
-0.781463 -0.781343
-0.781725 -0.781605
-0.781987 -0.781868
-0.782249 -0.78213
-0.782511 -0.782393
-0.782773 -0.782655
-0.783035 -0.782918
-0.783297 -0.783181
-0.783559 -0.783443
-0.783821 -0.783705
-0.784083 -0.783968
-0.784345 -0.784231
-0.784607 -0.784493
-0.784869 -0.784756
-0.785132 -0.785018
-0.785394 -0.785281
-0.785656 -0.785543
-0.785918 -0.785806
-0.78618 -0.786068
-0.786442 -0.786331
-0.786704 -0.786593
-0.786966 -0.786856
-0.787228 -0.787118
-0.78749 -0.787381
-0.787752 -0.787643
-0.788014 -0.787906
-0.788276 -0.788168
-0.788538 -0.788431
-0.7888 -0.788693
-0.789062 -0.788956
-0.789324 -0.789218
-0.789586 -0.789481
-0.789849 -0.789743
-0.790111 -0.790006
-0.790373 -0.790268
-0.790635 -0.79053
-0.790897 -0.790793
-0.791159 -0.791055
-0.791421 -0.791318
-0.791683 -0.79158
-0.791945 -0.791843
-0.792207 -0.792105
-0.792469 -0.792367
-0.792731 -0.79263
-0.792992 -0.792892
-0.793254 -0.793155
-0.793516 -0.793417
-0.793778 -0.793679
-0.79404 -0.793942
-0.794302 -0.794204
-0.794564 -0.794466
-0.794826 -0.794729
-0.795088 -0.794991
-0.79535 -0.795254
-0.795612 -0.795516
-0.795874 -0.795778
-0.796135 -0.796041
-0.796397 -0.796303
-0.796659 -0.796565
-0.796921 -0.796828
-0.797183 -0.79709
-0.797445 -0.797352
-0.797706 -0.797614
-0.797968 -0.797876
-0.79823 -0.798139
-0.798492 -0.798401
-0.798754 -0.798663
-0.799015 -0.798926
-0.799277 -0.799188
-0.799539 -0.79945
-0.7998 -0.799712
-0.800062 -0.799974
-0.800324 -0.800236
-0.800585 -0.800498
-0.800847 -0.800761
-0.801109 -0.801023
-0.80137 -0.801285
-0.801632 -0.801547
-0.801894 -0.801809
-0.802155 -0.802071
-0.802417 -0.802333
-0.802678 -0.802595
-0.80294 -0.802857
-0.803201 -0.803119
-0.803463 -0.80338
-0.803724 -0.803643
-0.803986 -0.803904
-0.804247 -0.804166
-0.804509 -0.804428
-0.80477 -0.80469
-0.805032 -0.804952
-0.805293 -0.805214
-0.805554 -0.805475
-0.805816 -0.805737
-0.806077 -0.805999
-0.806338 -0.80626
-0.8066 -0.806522
-0.806861 -0.806784
-0.807122 -0.807046
-0.807383 -0.807307
-0.807645 -0.807569
-0.807906 -0.807831
-0.808167 -0.808092
-0.808428 -0.808354
-0.808689 -0.808616
-0.80895 -0.808877
-0.809211 -0.809139
-0.809472 -0.8094
-0.809734 -0.809662
-0.809995 -0.809923
-0.810256 -0.810185
-0.810517 -0.810446
-0.810777 -0.810708
-0.811038 -0.810969
-0.811299 -0.81123
-0.81156 -0.811492
-0.811821 -0.811753
-0.812082 -0.812014
-0.812343 -0.812275
-0.812604 -0.812537
-0.812864 -0.812798
-0.813125 -0.813059
-0.813386 -0.81332
-0.813646 -0.813581
-0.813907 -0.813842
-0.814168 -0.814103
-0.814428 -0.814364
-0.814689 -0.814626
-0.81495 -0.814887
-0.81521 -0.815148
-0.815471 -0.815408
-0.815731 -0.81567
-0.815992 -0.815931
-0.816252 -0.816192
-0.816512 -0.816453
-0.816773 -0.816713
-0.817033 -0.816974
-0.817293 -0.817235
-0.817554 -0.817496
-0.817814 -0.817756
-0.818074 -0.818017
-0.818334 -0.818277
-0.818595 -0.818538
-0.818855 -0.818799
-0.819115 -0.819059
-0.819375 -0.81932
-0.819635 -0.81958
-0.819895 -0.819841
-0.820155 -0.820101
-0.820415 -0.820362
-0.820675 -0.820622
-0.820935 -0.820882
-0.821195 -0.821143
-0.821454 -0.821403
-0.821714 -0.821663
-0.821974 -0.821923
-0.822234 -0.822183
-0.822493 -0.822443
-0.822753 -0.822704
-0.823013 -0.822964
-0.823272 -0.823224
-0.823532 -0.823484
-0.823791 -0.823744
-0.824051 -0.824004
-0.82431 -0.824263
-0.82457 -0.824523
-0.824829 -0.824783
-0.825089 -0.825043
-0.825348 -0.825303
-0.825607 -0.825563
-0.825866 -0.825822
-0.826126 -0.826082
-0.826385 -0.826342
-0.826644 -0.826601
-0.826903 -0.82686
-0.827162 -0.82712
-0.827421 -0.827379
-0.82768 -0.827639
-0.827939 -0.827898
-0.828198 -0.828157
-0.828457 -0.828417
-0.828716 -0.828676
-0.828975 -0.828935
-0.829233 -0.829194
-0.829492 -0.829453
-0.829751 -0.829713
-0.830009 -0.829972
-0.830268 -0.830231
-0.830527 -0.83049
-0.830785 -0.830749
-0.831044 -0.831008
-0.831302 -0.831266
-0.83156 -0.831525
-0.831819 -0.831784
-0.832077 -0.832043
-0.832335 -0.832302
-0.832594 -0.83256
-0.832852 -0.832819
-0.83311 -0.833077
-0.833368 -0.833336
-0.833626 -0.833594
-0.833884 -0.833853
-0.834142 -0.834111
-0.8344 -0.83437
-0.834658 -0.834628
-0.834916 -0.834886
-0.835173 -0.835145
-0.835431 -0.835403
-0.835689 -0.835661
-0.835947 -0.835919
-0.836204 -0.836177
-0.836462 -0.836435
-0.836719 -0.836693
-0.836977 -0.836951
-0.837234 -0.837209
-0.837492 -0.837466
-0.837749 -0.837724
-0.838006 -0.837982
-0.838263 -0.83824
-0.838521 -0.838497
-0.838778 -0.838755
-0.839035 -0.839012
-0.839292 -0.83927
-0.839549 -0.839527
-0.839806 -0.839785
-0.840063 -0.840042
-0.84032 -0.840299
-0.840576 -0.840556
-0.840833 -0.840814
-0.84109 -0.841071
-0.841347 -0.841328
-0.841603 -0.841585
-0.84186 -0.841842
-0.842116 -0.842099
-0.842373 -0.842356
-0.842629 -0.842613
-0.842885 -0.84287
-0.843142 -0.843127
-0.843398 -0.843383
-0.843654 -0.84364
-0.84391 -0.843896
-0.844166 -0.844153
-0.844422 -0.844409
-0.844678 -0.844666
-0.844934 -0.844922
-0.84519 -0.845179
-0.845446 -0.845435
-0.845702 -0.845691
-0.845958 -0.845947
-0.846213 -0.846204
-0.846469 -0.84646
-0.846724 -0.846716
-0.84698 -0.846972
-0.847235 -0.847228
-0.847491 -0.847483
-0.847746 -0.847739
-0.848001 -0.847995
-0.848257 -0.84825
-0.848512 -0.848506
-0.848767 -0.848762
-0.849022 -0.849017
-0.849277 -0.849272
-0.849532 -0.849528
-0.849787 -0.849783
-0.850041 -0.850039
-0.850296 -0.850294
-0.850551 -0.850549
-0.850806 -0.850804
-0.85106 -0.851059
-0.851315 -0.851314
-0.851569 -0.851569
-0.851823 -0.851824
-0.852078 -0.852078
-0.852332 -0.852333
-0.852586 -0.852588
-0.85284 -0.852843
-0.853095 -0.853097
-0.853349 -0.853352
-0.853603 -0.853606
-0.853857 -0.85386
-0.85411 -0.854115
-0.854364 -0.854369
-0.854618 -0.854623
-0.854872 -0.854877
-0.855125 -0.855131
-0.855379 -0.855385
-0.855632 -0.855639
-0.855886 -0.855893
-0.856139 -0.856147
-0.856392 -0.856401
-0.856646 -0.856655
-0.856899 -0.856908
-0.857152 -0.857162
-0.857405 -0.857415
-0.857658 -0.857669
-0.857911 -0.857922
-0.858163 -0.858175
-0.858416 -0.858428
-0.858669 -0.858681
-0.858922 -0.858935
-0.859174 -0.859188
-0.859427 -0.859441
-0.859679 -0.859694
-0.859931 -0.859947
-0.860184 -0.860199
-0.860436 -0.860452
-0.860688 -0.860704
-0.86094 -0.860957
-0.861192 -0.861209
-0.861444 -0.861462
-0.861696 -0.861714
-0.861948 -0.861967
-0.8622 -0.862219
-0.862451 -0.862471
-0.862703 -0.862723
-0.862955 -0.862975
-0.863206 -0.863226
-0.863458 -0.863478
-0.863709 -0.86373
-0.86396 -0.863982
-0.864211 -0.864234
-0.864462 -0.864485
-0.864714 -0.864737
-0.864964 -0.864988
-0.865215 -0.86524
-0.865466 -0.865491
-0.865717 -0.865742
-0.865968 -0.865993
-0.866218 -0.866244
-0.866469 -0.866495
-0.866719 -0.866746
-0.86697 -0.866997
-0.86722 -0.867248
-0.86747 -0.867499
-0.86772 -0.867749
-0.867971 -0.868
-0.868221 -0.86825
-0.868471 -0.868501
-0.86872 -0.868751
-0.86897 -0.869001
-0.86922 -0.869251
-0.86947 -0.869502
-0.869719 -0.869751
-0.869969 -0.870001
-0.870218 -0.870251
-0.870467 -0.870501
-0.870717 -0.870751
-0.870966 -0.871
-0.871215 -0.87125
-0.871464 -0.871499
-0.871713 -0.871748
-0.871962 -0.871998
-0.872211 -0.872247
-0.872459 -0.872496
-0.872708 -0.872746
-0.872957 -0.872994
-0.873205 -0.873244
-0.873453 -0.873492
-0.873702 -0.873741
-0.87395 -0.87399
-0.874198 -0.874238
-0.874446 -0.874487
-0.874694 -0.874735
-0.874942 -0.874983
-0.87519 -0.875232
-0.875438 -0.87548
-0.875685 -0.875728
-0.875933 -0.875976
-0.876181 -0.876224
-0.876428 -0.876472
-0.876675 -0.87672
-0.876923 -0.876967
-0.87717 -0.877215
-0.877417 -0.877463
-0.877664 -0.87771
-0.877911 -0.877957
-0.878158 -0.878205
-0.878404 -0.878452
-0.878651 -0.878699
-0.878898 -0.878946
-0.879144 -0.879193
-0.879391 -0.87944
-0.879637 -0.879687
-0.879883 -0.879934
-0.880129 -0.88018
-0.880375 -0.880427
-0.880621 -0.880673
-0.880867 -0.880919
-0.881113 -0.881166
-0.881359 -0.881412
-0.881605 -0.881658
-0.88185 -0.881904
-0.882096 -0.88215
-0.882341 -0.882396
-0.882586 -0.882641
-0.882831 -0.882887
-0.883077 -0.883133
-0.883322 -0.883378
-0.883567 -0.883624
-0.883811 -0.883869
-0.884056 -0.884114
-0.884301 -0.884359
-0.884545 -0.884604
-0.88479 -0.884849
-0.885034 -0.885094
-0.885279 -0.885339
-0.885523 -0.885583
-0.885767 -0.885828
-0.886011 -0.886073
-0.886255 -0.886317
-0.886499 -0.886562
-0.886742 -0.886806
-0.886986 -0.88705
-0.88723 -0.887294
-0.887473 -0.887538
-0.887717 -0.887782
-0.88796 -0.888025
-0.888203 -0.888269
-0.888446 -0.888513
-0.888689 -0.888756
-0.888932 -0.888999
-0.889175 -0.889243
-0.889418 -0.889486
-0.88966 -0.889729
-0.889903 -0.889972
-0.890145 -0.890215
-0.890388 -0.890457
-0.89063 -0.8907
-0.890872 -0.890943
-0.891114 -0.891186
-0.891356 -0.891428
-0.891598 -0.89167
-0.89184 -0.891912
-0.892081 -0.892155
-0.892323 -0.892396
-0.892564 -0.892638
-0.892806 -0.89288
-0.893047 -0.893122
-0.893288 -0.893363
-0.893529 -0.893605
-0.89377 -0.893846
-0.894011 -0.894088
-0.894252 -0.894329
-0.894493 -0.89457
-0.894733 -0.894811
-0.894974 -0.895052
-0.895214 -0.895293
-0.895454 -0.895534
-0.895694 -0.895774
-0.895935 -0.896015
-0.896174 -0.896255
-0.896414 -0.896495
-0.896654 -0.896736
-0.896894 -0.896976
-0.897133 -0.897216
-0.897373 -0.897456
-0.897612 -0.897696
-0.897851 -0.897936
-0.898091 -0.898175
-0.89833 -0.898415
-0.898569 -0.898654
-0.898807 -0.898894
-0.899046 -0.899133
-0.899285 -0.899372
-0.899523 -0.899611
-0.899762 -0.89985
-0.9 -0.900089
-0.900238 -0.900327
-0.900476 -0.900566
-0.900714 -0.900805
-0.900952 -0.901043
-0.90119 -0.901281
-0.901428 -0.901519
-0.901665 -0.901757
-0.901903 -0.901995
-0.90214 -0.902233
-0.902378 -0.902471
-0.902615 -0.902708
-0.902852 -0.902946
-0.903089 -0.903183
-0.903325 -0.903421
-0.903562 -0.903658
-0.903799 -0.903895
-0.904035 -0.904132
-0.904272 -0.904369
-0.904508 -0.904606
-0.904744 -0.904842
-0.90498 -0.905079
-0.905216 -0.905315
-0.905452 -0.905552
-0.905688 -0.905788
-0.905923 -0.906024
-0.906159 -0.90626
-0.906394 -0.906496
-0.90663 -0.906732
-0.906865 -0.906967
-0.9071 -0.907203
-0.907335 -0.907439
-0.90757 -0.907674
-0.907804 -0.907909
-0.908039 -0.908144
-0.908273 -0.908379
-0.908508 -0.908614
-0.908742 -0.908849
-0.908976 -0.909084
-0.90921 -0.909318
-0.909444 -0.909553
-0.909678 -0.909787
-0.909912 -0.910021
-0.910145 -0.910255
-0.910379 -0.910489
-0.910612 -0.910723
-0.910845 -0.910957
-0.911078 -0.911191
-0.911311 -0.911424
-0.911544 -0.911658
-0.911777 -0.911891
-0.91201 -0.912124
-0.912242 -0.912357
-0.912475 -0.91259
-0.912707 -0.912823
-0.912939 -0.913056
-0.913171 -0.913288
-0.913403 -0.91352
-0.913635 -0.913753
-0.913867 -0.913985
-0.914098 -0.914217
-0.91433 -0.914449
-0.914561 -0.914681
-0.914792 -0.914913
-0.915024 -0.915144
-0.915255 -0.915376
-0.915485 -0.915607
-0.915716 -0.915838
-0.915947 -0.91607
-0.916177 -0.9163
-0.916408 -0.916531
-0.916638 -0.916762
-0.916868 -0.916993
-0.917098 -0.917223
-0.917328 -0.917454
-0.917558 -0.917684
-0.917788 -0.917914
-0.918017 -0.918144
-0.918246 -0.918374
-0.918476 -0.918604
-0.918705 -0.918834
-0.918934 -0.919063
-0.919163 -0.919292
-0.919392 -0.919522
-0.91962 -0.919751
-0.919849 -0.91998
-0.920077 -0.920209
-0.920306 -0.920438
-0.920534 -0.920667
-0.920762 -0.920895
-0.92099 -0.921124
-0.921217 -0.921352
-0.921445 -0.92158
-0.921673 -0.921808
-0.9219 -0.922036
-0.922127 -0.922264
-0.922354 -0.922491
-0.922582 -0.922719
-0.922808 -0.922946
-0.923035 -0.923174
-0.923262 -0.923401
-0.923488 -0.923628
-0.923715 -0.923855
-0.923941 -0.924082
-0.924167 -0.924308
-0.924393 -0.924535
-0.924619 -0.924761
-0.924845 -0.924988
-0.92507 -0.925214
-0.925296 -0.92544
-0.925521 -0.925665
-0.925746 -0.925891
-0.925971 -0.926117
-0.926196 -0.926342
-0.926421 -0.926568
-0.926646 -0.926793
-0.92687 -0.927018
-0.927095 -0.927243
-0.927319 -0.927467
-0.927543 -0.927692
-0.927767 -0.927917
-0.927991 -0.928141
-0.928215 -0.928365
-0.928439 -0.92859
-0.928662 -0.928813
-0.928885 -0.929038
-0.929109 -0.929261
-0.929332 -0.929485
-0.929555 -0.929708
-0.929778 -0.929931
-0.93 -0.930155
-0.930223 -0.930378
-0.930445 -0.930601
-0.930667 -0.930823
-0.93089 -0.931046
-0.931112 -0.931268
-0.931333 -0.931491
-0.931555 -0.931713
-0.931777 -0.931935
-0.931998 -0.932157
-0.93222 -0.932379
-0.932441 -0.9326
-0.932662 -0.932822
-0.932883 -0.933044
-0.933103 -0.933265
-0.933324 -0.933486
-0.933544 -0.933707
-0.933765 -0.933928
-0.933985 -0.934149
-0.934205 -0.934369
-0.934425 -0.934589
-0.934645 -0.93481
-0.934864 -0.93503
-0.935084 -0.93525
-0.935303 -0.93547
-0.935523 -0.935689
-0.935742 -0.935909
-0.935961 -0.936128
-0.936179 -0.936348
-0.936398 -0.936567
-0.936617 -0.936786
-0.936835 -0.937005
-0.937053 -0.937224
-0.937271 -0.937442
-0.937489 -0.937661
-0.937707 -0.937879
-0.937925 -0.938097
-0.938142 -0.938316
-0.938359 -0.938534
-0.938577 -0.938751
-0.938794 -0.938969
-0.939011 -0.939186
-0.939228 -0.939404
-0.939444 -0.93962
-0.939661 -0.939838
-0.939877 -0.940055
-0.940093 -0.940271
-0.940309 -0.940488
-0.940525 -0.940704
-0.940741 -0.940921
-0.940957 -0.941137
-0.941172 -0.941353
-0.941387 -0.941569
-0.941603 -0.941785
-0.941818 -0.942
-0.942032 -0.942216
-0.942247 -0.942431
-0.942462 -0.942646
-0.942676 -0.942861
-0.94289 -0.943076
-0.943105 -0.94329
-0.943319 -0.943505
-0.943532 -0.943719
-0.943746 -0.943933
-0.94396 -0.944148
-0.944173 -0.944362
-0.944386 -0.944576
-0.944599 -0.944789
-0.944812 -0.945003
-0.945025 -0.945216
-0.945238 -0.945429
-0.94545 -0.945642
-0.945662 -0.945855
-0.945875 -0.946068
-0.946087 -0.94628
-0.946299 -0.946493
-0.94651 -0.946705
-0.946722 -0.946917
-0.946933 -0.947129
-0.947144 -0.947341
-0.947356 -0.947553
-0.947566 -0.947764
-0.947777 -0.947976
-0.947988 -0.948187
-0.948198 -0.948398
-0.948409 -0.948609
-0.948619 -0.948819
-0.948829 -0.94903
-0.949039 -0.94924
-0.949248 -0.94945
-0.949458 -0.949661
-0.949667 -0.94987
-0.949877 -0.95008
-0.950086 -0.950289
-0.950295 -0.950499
-0.950503 -0.950709
-0.950712 -0.950918
-0.95092 -0.951127
-0.951129 -0.951335
-0.951337 -0.951544
-0.951545 -0.951753
-0.951753 -0.951961
-0.95196 -0.952169
-0.952168 -0.952378
-0.952375 -0.952586
-0.952582 -0.952793
-0.952789 -0.953001
-0.952996 -0.953208
-0.953203 -0.953415
-0.953409 -0.953623
-0.953616 -0.95383
-0.953822 -0.954036
-0.954028 -0.954243
-0.954234 -0.954449
-0.95444 -0.954656
-0.954645 -0.954862
-0.954851 -0.955068
-0.955056 -0.955273
-0.955261 -0.955479
-0.955466 -0.955684
-0.955671 -0.95589
-0.955875 -0.956095
-0.95608 -0.9563
-0.956284 -0.956505
-0.956488 -0.95671
-0.956692 -0.956914
-0.956896 -0.957118
-0.957099 -0.957323
-0.957303 -0.957526
-0.957506 -0.95773
-0.957709 -0.957934
-0.957912 -0.958137
-0.958115 -0.958341
-0.958317 -0.958544
-0.95852 -0.958747
-0.958722 -0.95895
-0.958924 -0.959152
-0.959126 -0.959355
-0.959328 -0.959557
-0.959529 -0.959759
-0.959731 -0.959962
-0.959932 -0.960163
-0.960133 -0.960365
-0.960334 -0.960567
-0.960535 -0.960768
-0.960736 -0.960969
-0.960936 -0.96117
-0.961136 -0.961371
-0.961336 -0.961572
-0.961536 -0.961772
-0.961736 -0.961972
-0.961936 -0.962173
-0.962135 -0.962372
-0.962334 -0.962572
-0.962533 -0.962771
-0.962732 -0.962971
-0.962931 -0.96317
-0.963129 -0.963369
-0.963328 -0.963568
-0.963526 -0.963767
-0.963724 -0.963966
-0.963922 -0.964164
-0.964119 -0.964362
-0.964317 -0.964561
-0.964514 -0.964758
-0.964711 -0.964956
-0.964908 -0.965154
-0.965105 -0.965351
-0.965302 -0.965549
-0.965498 -0.965745
-0.965695 -0.965942
-0.965891 -0.966139
-0.966087 -0.966336
-0.966282 -0.966532
-0.966478 -0.966728
-0.966673 -0.966924
-0.966869 -0.96712
-0.967064 -0.967315
-0.967259 -0.967511
-0.967453 -0.967706
-0.967648 -0.967901
-0.967842 -0.968096
-0.968036 -0.968291
-0.96823 -0.968486
-0.968424 -0.96868
-0.968618 -0.968874
-0.968811 -0.969069
-0.969005 -0.969262
-0.969198 -0.969456
-0.969391 -0.96965
-0.969583 -0.969843
-0.969776 -0.970036
-0.969968 -0.970229
-0.97016 -0.970422
-0.970352 -0.970614
-0.970544 -0.970807
-0.970736 -0.970999
-0.970927 -0.971191
-0.971119 -0.971383
-0.97131 -0.971574
-0.971501 -0.971766
-0.971692 -0.971957
-0.971882 -0.972148
-0.972072 -0.972339
-0.972263 -0.97253
-0.972453 -0.972721
-0.972643 -0.972911
-0.972832 -0.973101
-0.973022 -0.973291
-0.973211 -0.973481
-0.9734 -0.973671
-0.973589 -0.97386
-0.973778 -0.97405
-0.973966 -0.974239
-0.974155 -0.974427
-0.974343 -0.974616
-0.974531 -0.974805
-0.974719 -0.974993
-0.974906 -0.975182
-0.975094 -0.975369
-0.975281 -0.975557
-0.975468 -0.975745
-0.975655 -0.975933
-0.975841 -0.97612
-0.976028 -0.976307
-0.976214 -0.976494
-0.9764 -0.976681
-0.976586 -0.976867
-0.976772 -0.977054
-0.976958 -0.97724
-0.977143 -0.977426
-0.977328 -0.977612
-0.977513 -0.977797
-0.977698 -0.977983
-0.977883 -0.978168
-0.978067 -0.978353
-0.978251 -0.978538
-0.978435 -0.978722
-0.978619 -0.978907
-0.978803 -0.979091
-0.978986 -0.979275
-0.979169 -0.979459
-0.979353 -0.979643
-0.979535 -0.979826
-0.979718 -0.98001
-0.979901 -0.980193
-0.980083 -0.980376
-0.980265 -0.980558
-0.980447 -0.980741
-0.980629 -0.980923
-0.98081 -0.981106
-0.980992 -0.981287
-0.981173 -0.981469
-0.981354 -0.981651
-0.981534 -0.981832
-0.981715 -0.982013
-0.981895 -0.982194
-0.982076 -0.982375
-0.982256 -0.982556
-0.982435 -0.982736
-0.982615 -0.982916
-0.982794 -0.983096
-0.982973 -0.983276
-0.983152 -0.983455
-0.983331 -0.983635
-0.98351 -0.983814
-0.983688 -0.983993
-0.983866 -0.984172
-0.984045 -0.98435
-0.984222 -0.984529
-0.9844 -0.984707
-0.984577 -0.984885
-0.984755 -0.985063
-0.984932 -0.98524
-0.985108 -0.985418
-0.985285 -0.985595
-0.985461 -0.985772
-0.985638 -0.985949
-0.985814 -0.986126
-0.98599 -0.986302
-0.986165 -0.986478
-0.986341 -0.986654
-0.986516 -0.98683
-0.986691 -0.987006
-0.986866 -0.987181
-0.98704 -0.987356
-0.987215 -0.987531
-0.987389 -0.987706
-0.987563 -0.987881
-0.987737 -0.988055
-0.98791 -0.988229
-0.988084 -0.988403
-0.988257 -0.988577
-0.98843 -0.988751
-0.988603 -0.988924
-0.988775 -0.989097
-0.988948 -0.98927
-0.98912 -0.989443
-0.989292 -0.989616
-0.989464 -0.989788
-0.989635 -0.98996
-0.989806 -0.990132
-0.989978 -0.990304
-0.990149 -0.990476
-0.990319 -0.990647
-0.99049 -0.990818
-0.99066 -0.990989
-0.99083 -0.991159
-0.991 -0.99133
-0.99117 -0.991501
-0.991339 -0.991671
-0.991509 -0.991841
-0.991678 -0.99201
-0.991847 -0.99218
-0.992015 -0.992349
-0.992184 -0.992518
-0.992352 -0.992687
-0.99252 -0.992856
-0.992688 -0.993024
-0.992855 -0.993193
-0.993023 -0.993361
-0.99319 -0.993528
-0.993357 -0.993696
-0.993524 -0.993864
-0.99369 -0.99403
-0.993857 -0.994197
-0.994023 -0.994365
-0.994189 -0.994531
-0.994355 -0.994698
-0.99452 -0.994864
-0.994685 -0.995029
-0.99485 -0.995195
-0.995015 -0.995361
-0.99518 -0.995526
-0.995344 -0.995691
-0.995509 -0.995856
-0.995673 -0.996021
-0.995836 -0.996185
-0.996 -0.996349
-0.996163 -0.996513
-0.996327 -0.996677
-0.99649 -0.996841
-0.996652 -0.997004
-0.996815 -0.997167
-0.996977 -0.99733
-0.997139 -0.997493
-0.997301 -0.997655
-0.997463 -0.997818
-0.997624 -0.99798
-0.997785 -0.998141
-0.997946 -0.998303
-0.998107 -0.998464
-0.998268 -0.998626
-0.998428 -0.998787
-0.998588 -0.998947
-0.998748 -0.999108
-0.998908 -0.999268
-0.999067 -0.999429
-0.999227 -0.999588
-0.999386 -0.999748
-0.999544 -0.999908
-0.999703 -1.00007
-0.999861 -1.00023
-1.00002 -1.00038
-1.00018 -1.00054
-1.00034 -1.0007
-1.00049 -1.00086
-1.00065 -1.00102
-1.00081 -1.00118
-1.00096 -1.00133
-1.00112 -1.00149
-1.00128 -1.00165
-1.00143 -1.0018
-1.00159 -1.00196
-1.00174 -1.00212
-1.0019 -1.00227
-1.00206 -1.00243
-1.00221 -1.00258
-1.00237 -1.00274
-1.00252 -1.0029
-1.00267 -1.00305
-1.00283 -1.00321
-1.00298 -1.00336
-1.00314 -1.00351
-1.00329 -1.00367
-1.00344 -1.00382
-1.0036 -1.00398
-1.00375 -1.00413
-1.0039 -1.00428
-1.00405 -1.00444
-1.00421 -1.00459
-1.00436 -1.00474
-1.00451 -1.00489
-1.00466 -1.00505
-1.00481 -1.0052
-1.00496 -1.00535
-1.00511 -1.0055
-1.00526 -1.00565
-1.00541 -1.0058
-1.00556 -1.00595
-1.00571 -1.0061
-1.00586 -1.00625
-1.00601 -1.0064
-1.00616 -1.00655
-1.00631 -1.0067
-1.00646 -1.00685
-1.00661 -1.007
-1.00676 -1.00715
-1.00691 -1.0073
-1.00705 -1.00745
-1.0072 -1.0076
-1.00735 -1.00774
-1.0075 -1.00789
-1.00764 -1.00804
-1.00779 -1.00819
-1.00794 -1.00833
-1.00808 -1.00848
-1.00823 -1.00863
-1.00837 -1.00877
-1.00852 -1.00892
-1.00866 -1.00907
-1.00881 -1.00921
-1.00895 -1.00936
-1.0091 -1.0095
-1.00924 -1.00965
-1.00939 -1.00979
-1.00953 -1.00994
-1.00967 -1.01008
-1.00982 -1.01022
-1.00996 -1.01037
-1.0101 -1.01051
-1.01025 -1.01065
-1.01039 -1.0108
-1.01053 -1.01094
-1.01067 -1.01108
-1.01081 -1.01123
-1.01096 -1.01137
-1.0111 -1.01151
-1.01124 -1.01165
-1.01138 -1.01179
-1.01152 -1.01193
-1.01166 -1.01207
-1.0118 -1.01222
-1.01194 -1.01236
-1.01208 -1.0125
-1.01222 -1.01264
-1.01236 -1.01278
-1.0125 -1.01292
-1.01263 -1.01305
-1.01277 -1.01319
-1.01291 -1.01333
-1.01305 -1.01347
-1.01319 -1.01361
-1.01332 -1.01375
-1.01346 -1.01389
-1.0136 -1.01402
-1.01374 -1.01416
-1.01387 -1.0143
-1.01401 -1.01443
-1.01414 -1.01457
-1.01428 -1.01471
-1.01441 -1.01484
-1.01455 -1.01498
-1.01469 -1.01511
-1.01482 -1.01525
-1.01495 -1.01539
-1.01509 -1.01552
-1.01522 -1.01566
-1.01536 -1.01579
-1.01549 -1.01592
-1.01562 -1.01606
-1.01576 -1.01619
-1.01589 -1.01632
-1.01602 -1.01646
-1.01615 -1.01659
-1.01629 -1.01672
-1.01642 -1.01686
-1.01655 -1.01699
-1.01668 -1.01712
-1.01681 -1.01725
-1.01694 -1.01738
-1.01707 -1.01752
-1.0172 -1.01765
-1.01733 -1.01778
-1.01746 -1.01791
-1.01759 -1.01804
-1.01772 -1.01817
-1.01785 -1.0183
-1.01798 -1.01843
-1.01811 -1.01856
-1.01824 -1.01868
-1.01837 -1.01881
-1.01849 -1.01894
-1.01862 -1.01907
-1.01875 -1.0192
-1.01888 -1.01933
-1.019 -1.01945
-1.01913 -1.01958
-1.01926 -1.01971
-1.01938 -1.01983
-1.01951 -1.01996
-1.01963 -1.02009
-1.01976 -1.02021
-1.01988 -1.02034
-1.02001 -1.02046
-1.02013 -1.02059
-1.02026 -1.02071
-1.02038 -1.02084
-1.0205 -1.02096
-1.02063 -1.02109
-1.02075 -1.02121
-1.02087 -1.02134
-1.021 -1.02146
-1.02112 -1.02158
-1.02124 -1.02171
-1.02136 -1.02183
-1.02149 -1.02195
-1.02161 -1.02207
-1.02173 -1.02219
-1.02185 -1.02232
-1.02197 -1.02244
-1.02209 -1.02256
-1.02221 -1.02268
-1.02233 -1.0228
-1.02245 -1.02292
-1.02257 -1.02304
-1.02269 -1.02316
-1.02281 -1.02328
-1.02293 -1.0234
-1.02305 -1.02352
-1.02316 -1.02364
-1.02328 -1.02376
-1.0234 -1.02387
-1.02352 -1.02399
-1.02363 -1.02411
-1.02375 -1.02423
-1.02387 -1.02435
-1.02398 -1.02446
-1.0241 -1.02458
-1.02422 -1.0247
-1.02433 -1.02481
-1.02445 -1.02493
-1.02456 -1.02504
-1.02468 -1.02516
-1.02479 -1.02527
-1.02491 -1.02539
-1.02502 -1.0255
-1.02513 -1.02562
-1.02525 -1.02573
-1.02536 -1.02585
-1.02547 -1.02596
-1.02559 -1.02607
-1.0257 -1.02619
-1.02581 -1.0263
-1.02592 -1.02641
-1.02603 -1.02652
-1.02614 -1.02664
-1.02626 -1.02675
-1.02637 -1.02686
-1.02648 -1.02697
-1.02659 -1.02708
-1.0267 -1.02719
-1.02681 -1.0273
-1.02692 -1.02741
-1.02703 -1.02752
-1.02713 -1.02763
-1.02724 -1.02774
-1.02735 -1.02785
-1.02746 -1.02796
-1.02757 -1.02807
-1.02768 -1.02818
-1.02778 -1.02828
-1.02789 -1.02839
-1.028 -1.0285
-1.0281 -1.02861
-1.02821 -1.02871
-1.02832 -1.02882
-1.02842 -1.02893
-1.02853 -1.02903
-1.02863 -1.02914
-1.02874 -1.02924
-1.02884 -1.02935
-1.02895 -1.02945
-1.02905 -1.02956
-1.02915 -1.02966
-1.02926 -1.02977
-1.02936 -1.02987
-1.02946 -1.02998
-1.02957 -1.03008
-1.02967 -1.03018
-1.02977 -1.03029
-1.02987 -1.03039
-1.02998 -1.03049
-1.03008 -1.03059
-1.03018 -1.03069
-1.03028 -1.0308
-1.03038 -1.0309
-1.03048 -1.031
-1.03058 -1.0311
-1.03068 -1.0312
-1.03078 -1.0313
-1.03088 -1.0314
-1.03098 -1.0315
-1.03108 -1.0316
-1.03117 -1.0317
-1.03127 -1.0318
-1.03137 -1.03189
-1.03147 -1.03199
-1.03156 -1.03209
-1.03166 -1.03219
-1.03176 -1.03228
-1.03185 -1.03238
-1.03195 -1.03248
-1.03205 -1.03258
-1.03214 -1.03267
-1.03224 -1.03277
-1.03233 -1.03286
-1.03243 -1.03296
-1.03252 -1.03305
-1.03262 -1.03315
-1.03271 -1.03324
-1.0328 -1.03334
-1.0329 -1.03343
-1.03299 -1.03353
-1.03308 -1.03362
-1.03318 -1.03371
-1.03327 -1.03381
-1.03336 -1.0339
-1.03345 -1.03399
-1.03354 -1.03408
-1.03363 -1.03417
-1.03372 -1.03427
-1.03382 -1.03436
-1.03391 -1.03445
-1.034 -1.03454
-1.03409 -1.03463
-1.03417 -1.03472
-1.03426 -1.03481
-1.03435 -1.0349
-1.03444 -1.03499
-1.03453 -1.03508
-1.03462 -1.03517
-1.03471 -1.03525
-1.03479 -1.03534
-1.03488 -1.03543
-1.03497 -1.03552
-1.03505 -1.0356
-1.03514 -1.03569
-1.03523 -1.03578
-1.03531 -1.03586
-1.0354 -1.03595
-1.03548 -1.03604
-1.03557 -1.03612
-1.03565 -1.03621
-1.03574 -1.03629
-1.03582 -1.03638
-1.0359 -1.03646
-1.03599 -1.03655
-1.03607 -1.03663
-1.03615 -1.03671
-1.03623 -1.0368
-1.03632 -1.03688
-1.0364 -1.03696
-1.03648 -1.03704
-1.03656 -1.03713
-1.03664 -1.03721
-1.03672 -1.03729
-1.0368 -1.03737
-1.03688 -1.03745
-1.03696 -1.03753
-1.03704 -1.03761
-1.03712 -1.03769
-1.0372 -1.03777
-1.03728 -1.03785
-1.03736 -1.03793
-1.03744 -1.03801
-1.03752 -1.03809
-1.03759 -1.03817
-1.03767 -1.03824
-1.03775 -1.03832
-1.03782 -1.0384
-1.0379 -1.03848
-1.03798 -1.03855
-1.03805 -1.03863
-1.03813 -1.0387
-1.0382 -1.03878
-1.03828 -1.03886
-1.03835 -1.03893
-1.03843 -1.03901
-1.0385 -1.03908
-1.03858 -1.03916
-1.03865 -1.03923
-1.03872 -1.0393
-1.0388 -1.03938
-1.03887 -1.03945
-1.03894 -1.03952
-1.03901 -1.0396
-1.03908 -1.03967
-1.03915 -1.03974
-1.03923 -1.03981
-1.0393 -1.03988
-1.03937 -1.03995
-1.03944 -1.04003
-1.03951 -1.0401
-1.03958 -1.04017
-1.03965 -1.04024
-1.03972 -1.04031
-1.03978 -1.04038
-1.03985 -1.04044
-1.03992 -1.04051
-1.03999 -1.04058
-1.04006 -1.04065
-1.04012 -1.04072
-1.04019 -1.04079
-1.04026 -1.04085
-1.04032 -1.04092
-1.04039 -1.04099
-1.04045 -1.04105
-1.04052 -1.04112
-1.04058 -1.04118
-1.04065 -1.04125
-1.04071 -1.04131
-1.04078 -1.04138
-1.04084 -1.04144
-1.04091 -1.04151
-1.04097 -1.04157
-1.04103 -1.04164
-1.04109 -1.0417
-1.04116 -1.04176
-1.04122 -1.04182
-1.04128 -1.04189
-1.04134 -1.04195
-1.0414 -1.04201
-1.04146 -1.04207
-1.04152 -1.04213
-1.04158 -1.04219
-1.04164 -1.04225
-1.0417 -1.04231
-1.04176 -1.04237
-1.04182 -1.04243
-1.04188 -1.04249
-1.04194 -1.04255
-1.042 -1.04261
-1.04206 -1.04267
-1.04211 -1.04273
-1.04217 -1.04278
-1.04223 -1.04284
-1.04228 -1.0429
-1.04234 -1.04296
-1.0424 -1.04301
-1.04245 -1.04307
-1.04251 -1.04312
-1.04256 -1.04318
-1.04262 -1.04324
-1.04267 -1.04329
-1.04272 -1.04335
-1.04278 -1.0434
-1.04283 -1.04345
-1.04288 -1.04351
-1.04294 -1.04356
-1.04299 -1.04361
-1.04304 -1.04367
-1.04309 -1.04372
-1.04314 -1.04377
-1.0432 -1.04382
-1.04325 -1.04387
-1.0433 -1.04393
-1.04335 -1.04398
-1.0434 -1.04403
-1.04345 -1.04408
-1.0435 -1.04413
-1.04355 -1.04418
-1.04359 -1.04422
-1.04364 -1.04427
-1.04369 -1.04432
-1.04374 -1.04437
-1.04379 -1.04442
-1.04383 -1.04447
-1.04388 -1.04451
-1.04393 -1.04456
-1.04397 -1.04461
-1.04402 -1.04465
-1.04406 -1.0447
-1.04411 -1.04475
-1.04415 -1.04479
-1.0442 -1.04484
-1.04424 -1.04488
-1.04429 -1.04493
-1.04433 -1.04497
-1.04437 -1.04501
-1.04442 -1.04506
-1.04446 -1.0451
-1.0445 -1.04514
-1.04454 -1.04519
-1.04459 -1.04523
-1.04463 -1.04527
-1.04467 -1.04531
-1.04471 -1.04535
-1.04475 -1.0454
-1.04479 -1.04544
-1.04483 -1.04548
-1.04487 -1.04552
-1.04491 -1.04556
-1.04495 -1.0456
-1.04498 -1.04563
-1.04502 -1.04567
-1.04506 -1.04571
-1.0451 -1.04575
-1.04514 -1.04579
-1.04517 -1.04583
-1.04521 -1.04586
-1.04524 -1.0459
-1.04528 -1.04594
-1.04532 -1.04597
-1.04535 -1.04601
-1.04539 -1.04604
-1.04542 -1.04608
-1.04546 -1.04611
-1.04549 -1.04615
-1.04552 -1.04618
-1.04556 -1.04622
-1.04559 -1.04625
-1.04562 -1.04628
-1.04565 -1.04632
-1.04569 -1.04635
-1.04572 -1.04638
-1.04575 -1.04641
-1.04578 -1.04644
-1.04581 -1.04648
-1.04584 -1.04651
-1.04587 -1.04654
-1.0459 -1.04657
-1.04593 -1.0466
-1.04596 -1.04663
-1.04599 -1.04666
-1.04602 -1.04669
-1.04604 -1.04671
-1.04607 -1.04674
-1.0461 -1.04677
-1.04613 -1.0468
-1.04615 -1.04683
-1.04618 -1.04685
-1.04621 -1.04688
-1.04623 -1.04691
-1.04626 -1.04693
-1.04628 -1.04696
-1.04631 -1.04698
-1.04633 -1.04701
-1.04635 -1.04703
-1.04638 -1.04706
-1.0464 -1.04708
-1.04642 -1.0471
-1.04645 -1.04713
-1.04647 -1.04715
-1.04649 -1.04717
-1.04651 -1.04719
-1.04654 -1.04722
-1.04656 -1.04724
-1.04658 -1.04726
-1.0466 -1.04728
-1.04662 -1.0473
-1.04664 -1.04732
-1.04666 -1.04734
-1.04668 -1.04736
-1.04669 -1.04738
-1.04671 -1.0474
-1.04673 -1.04742
-1.04675 -1.04744
-1.04677 -1.04745
-1.04678 -1.04747
-1.0468 -1.04749
-1.04682 -1.04751
-1.04683 -1.04752
-1.04685 -1.04754
-1.04686 -1.04756
-1.04688 -1.04757
-1.04689 -1.04759
-1.04691 -1.0476
-1.04692 -1.04762
-1.04693 -1.04763
-1.04695 -1.04764
-1.04696 -1.04766
-1.04697 -1.04767
-1.04699 -1.04768
-1.047 -1.0477
-1.04701 -1.04771
-1.04702 -1.04772
-1.04703 -1.04773
-1.04704 -1.04774
-1.04705 -1.04775
-1.04706 -1.04776
-1.04707 -1.04777
-1.04708 -1.04778
-1.04709 -1.04779
-1.0471 -1.0478
-1.04711 -1.04781
-1.04711 -1.04782
-1.04712 -1.04783
-1.04713 -1.04783
-1.04713 -1.04784
-1.04714 -1.04785
-1.04715 -1.04786
-1.04715 -1.04786
-1.04716 -1.04787
-1.04716 -1.04787
-1.04717 -1.04788
-1.04717 -1.04788
-1.04718 -1.04789
-1.04718 -1.04789
-1.04718 -1.0479
-1.04719 -1.0479
-1.04719 -1.0479
-1.04719 -1.04791
-1.04719 -1.04791
-1.04719 -1.04791
-1.0472 -1.04791
-1.0472 -1.04791
-1.0472 -1.04791
-1.0472 -1.04792
-1.0472 -1.04792
-1.0472 -1.04792
-1.0472 -1.04792
-1.0472 -1.04791
-1.0472 -1.04791
-1.0472 -1.04791
-1.0472 -1.04791
-1.0472 -1.04791
-1.0472 -1.04791
-1.0472 -1.0479
-1.0472 -1.0479
-1.0472 -1.0479
-1.0472 -1.0479
-1.0472 -1.04789
-1.0472 -1.04789
-1.0472 -1.04789
-1.0472 -1.04788
-1.0472 -1.04788
-1.0472 -1.04788
-1.0472 -1.04787
-1.0472 -1.04787
-1.0472 -1.04786
-1.0472 -1.04786
-1.0472 -1.04785
-1.0472 -1.04785
-1.0472 -1.04784
-1.0472 -1.04784
-1.0472 -1.04783
-1.0472 -1.04783
-1.0472 -1.04782
-1.0472 -1.04782
-1.0472 -1.04781
-1.0472 -1.04781
-1.0472 -1.0478
-1.0472 -1.0478
-1.0472 -1.04779
-1.0472 -1.04778
-1.0472 -1.04778
-1.0472 -1.04777
-1.0472 -1.04777
-1.0472 -1.04776
-1.0472 -1.04776
-1.0472 -1.04775
-1.0472 -1.04774
-1.0472 -1.04774
-1.0472 -1.04773
-1.0472 -1.04773
-1.0472 -1.04772
-1.0472 -1.04771
-1.0472 -1.04771
-1.0472 -1.0477
-1.0472 -1.0477
-1.0472 -1.04769
-1.0472 -1.04769
-1.0472 -1.04768
-1.0472 -1.04767
-1.0472 -1.04767
-1.0472 -1.04766
-1.0472 -1.04766
-1.0472 -1.04765
-1.0472 -1.04765
-1.0472 -1.04764
-1.0472 -1.04763
-1.0472 -1.04763
-1.0472 -1.04762
-1.0472 -1.04762
-1.0472 -1.04761
-1.0472 -1.04761
-1.0472 -1.0476
-1.0472 -1.04759
-1.0472 -1.04759
-1.0472 -1.04758
-1.0472 -1.04758
-1.0472 -1.04757
-1.0472 -1.04757
-1.0472 -1.04756
-1.0472 -1.04756
-1.0472 -1.04755
-1.0472 -1.04755
-1.0472 -1.04754
-1.0472 -1.04754
-1.0472 -1.04753
-1.0472 -1.04753
-1.0472 -1.04752
-1.0472 -1.04752
-1.0472 -1.04751
-1.0472 -1.04751
-1.0472 -1.0475
-1.0472 -1.0475
-1.0472 -1.04749
-1.0472 -1.04749
-1.0472 -1.04749
-1.0472 -1.04748
-1.0472 -1.04748
-1.0472 -1.04747
-1.0472 -1.04747
-1.0472 -1.04746
-1.0472 -1.04746
-1.0472 -1.04746
-1.0472 -1.04745
-1.0472 -1.04745
-1.0472 -1.04744
-1.0472 -1.04744
-1.0472 -1.04743
-1.0472 -1.04743
-1.0472 -1.04743
-1.0472 -1.04742
-1.0472 -1.04742
-1.0472 -1.04742
-1.0472 -1.04741
-1.0472 -1.04741
-1.0472 -1.0474
-1.0472 -1.0474
-1.0472 -1.0474
-1.0472 -1.04739
-1.0472 -1.04739
-1.0472 -1.04739
-1.0472 -1.04738
-1.0472 -1.04738
-1.0472 -1.04738
-1.0472 -1.04737
-1.0472 -1.04737
-1.0472 -1.04737
-1.0472 -1.04736
-1.0472 -1.04736
-1.0472 -1.04736
-1.0472 -1.04736
-1.0472 -1.04735
-1.0472 -1.04735
-1.0472 -1.04735
-1.0472 -1.04734
-1.0472 -1.04734
-1.0472 -1.04734
-1.0472 -1.04734
-1.0472 -1.04733
-1.0472 -1.04733
-1.0472 -1.04733
-1.0472 -1.04732
-1.0472 -1.04732
-1.0472 -1.04732
-1.0472 -1.04732
-1.0472 -1.04731
-1.0472 -1.04731
-1.0472 -1.04731
-1.0472 -1.04731
-1.0472 -1.04731
-1.0472 -1.0473
-1.0472 -1.0473
-1.0472 -1.0473
-1.0472 -1.0473
-1.0472 -1.04729
-1.0472 -1.04729
-1.0472 -1.04729
-1.0472 -1.04729
-1.0472 -1.04729
-1.0472 -1.04728
-1.0472 -1.04728
-1.0472 -1.04728
-1.0472 -1.04728
-1.0472 -1.04728
-1.0472 -1.04727
-1.0472 -1.04727
-1.0472 -1.04727
-1.0472 -1.04727
-1.0472 -1.04727
-1.0472 -1.04727
-1.0472 -1.04726
-1.0472 -1.04726
-1.0472 -1.04726
-1.0472 -1.04726
-1.0472 -1.04726
-1.0472 -1.04726
-1.0472 -1.04725
-1.0472 -1.04725
-1.0472 -1.04725
-1.0472 -1.04725
-1.0472 -1.04725
-1.0472 -1.04725
-1.0472 -1.04725
-1.0472 -1.04724
-1.0472 -1.04724
-1.0472 -1.04724
-1.0472 -1.04724
-1.0472 -1.04724
-1.0472 -1.04724
-1.0472 -1.04724
-1.0472 -1.04723
-1.0472 -1.04723
-1.0472 -1.04723
-1.0472 -1.04723
-1.0472 -1.04723
-1.0472 -1.04723
-1.0472 -1.04723
-1.0472 -1.04723
-1.0472 -1.04723
-1.0472 -1.04722
-1.0472 -1.04722
-1.0472 -1.04722
-1.0472 -1.04722
-1.0472 -1.04722
-1.0472 -1.04722
-1.0472 -1.04722
-1.0472 -1.04722
-1.0472 -1.04722
-1.0472 -1.04722
-1.0472 -1.04721
-1.0472 -1.04721
-1.0472 -1.04721
-1.0472 -1.04721
-1.0472 -1.04721
-1.0472 -1.04721
-1.0472 -1.04721
-1.0472 -1.04721
-1.0472 -1.04721
-1.0472 -1.04721
-1.0472 -1.04721
-1.0472 -1.04721
-1.0472 -1.0472
-1.0472 -1.0472
-1.0472 -1.0472
-1.0472 -1.0472
-1.0472 -1.0472
-1.0472 -1.0472
-1.0472 -1.0472
-1.0472 -1.0472
-1.0472 -1.0472
-1.0472 -1.0472
-1.0472 -1.0472
-1.0472 -1.0472
-1.0472 -1.0472
-1.0472 -1.0472
-1.0472 -1.04719
-1.0472 -1.04719
-1.0472 -1.04719
-1.0472 -1.04719
-1.0472 -1.04719
-1.0472 -1.04719
-1.0472 -1.04719
-1.0472 -1.04719
-1.0472 -1.04719
-1.0472 -1.04719
-1.0472 -1.04719
-1.0472 -1.04719
-1.0472 -1.04719
-1.0472 -1.04719
-1.0472 -1.04719
-1.0472 -1.04719
-1.0472 -1.04719
-1.0472 -1.04719
-1.0472 -1.04719
-1.0472 -1.04719
-1.0472 -1.04719
-1.0472 -1.04718
-1.0472 -1.04718
-1.0472 -1.04718
-1.0472 -1.04718
-1.0472 -1.04718
-1.0472 -1.04718
-1.0472 -1.04718
-1.0472 -1.04718
-1.0472 -1.04718
-1.0472 -1.04718
-1.0472 -1.04718
-1.0472 -1.04718
-1.0472 -1.04718
-1.0472 -1.04718
-1.0472 -1.04718
-1.0472 -1.04718
-1.0472 -1.04718
-1.0472 -1.04718
-1.0472 -1.04718
-1.0472 -1.04718
-1.0472 -1.04718
-1.0472 -1.04718
-1.0472 -1.04718
-1.0472 -1.04718
-1.0472 -1.04718
-1.0472 -1.04718
-1.0472 -1.04718
-1.0472 -1.04718
-1.0472 -1.04718
-1.0472 -1.04718
-1.0472 -1.04718
-1.0472 -1.04718
-1.0472 -1.04718
-1.0472 -1.04718
-1.0472 -1.04718
-1.0472 -1.04717
-1.0472 -1.04717
-1.0472 -1.04717
-1.0472 -1.04717
-1.0472 -1.04717
-1.0472 -1.04717
-1.0472 -1.04717
-1.0472 -1.04717
-1.0472 -1.04717
-1.0472 -1.04717
-1.0472 -1.04717
-1.0472 -1.04717
-1.0472 -1.04717
-1.0472 -1.04717
-1.0472 -1.04717
-1.0472 -1.04717
-1.0472 -1.04717
-1.0472 -1.04717
-1.0472 -1.04717
-1.0472 -1.04717
-1.0472 -1.04717
-1.0472 -1.04717
-1.0472 -1.04717
-1.0472 -1.04717
-1.0472 -1.04717
-1.0472 -1.04717
-1.0472 -1.04717
-1.0472 -1.04717
-1.0472 -1.04717
-1.0472 -1.04717
-1.0472 -1.04717
-1.0472 -1.04717
-1.0472 -1.04717
-1.0472 -1.04717
-1.0472 -1.04717
-1.0472 -1.04717
-1.0472 -1.04717
-1.0472 -1.04717
-1.0472 -1.04717
-1.0472 -1.04717
-1.0472 -1.04717
-1.0472 -1.04717
-1.0472 -1.04717
-1.0472 -1.04717
-1.0472 -1.04717
-1.0472 -1.04717
-1.0472 -1.04717
-1.0472 -1.04717
-1.0472 -1.04717
-1.0472 -1.04717
-1.0472 -1.04717
-1.0472 -1.04717
-1.0472 -1.04717
-1.0472 -1.04717
-1.0472 -1.04717
-1.0472 -1.04717
-1.0472 -1.04717
-1.0472 -1.04717
-1.0472 -1.04717
-1.0472 -1.04717
-1.0472 -1.04717
-1.0472 -1.04717
-1.0472 -1.04717
-1.0472 -1.04717
-1.0472 -1.04717
-1.0472 -1.04717
-1.0472 -1.04717
-1.0472 -1.04717
-1.0472 -1.04717
-1.0472 -1.04717
-1.0472 -1.04717
-1.0472 -1.04717
-1.0472 -1.04717
-1.0472 -1.04717
-1.0472 -1.04717
-1.0472 -1.04717
-1.0472 -1.04717
-1.0472 -1.04717
-1.0472 -1.04717
-1.0472 -1.04717
-1.0472 -1.04717
-1.0472 -1.04717
-1.0472 -1.04717
-1.0472 -1.04717
-1.0472 -1.04717
-1.0472 -1.04717
-1.0472 -1.04717
-1.0472 -1.04717
-1.0472 -1.04717
-1.0472 -1.04717
-1.0472 -1.04717
-1.0472 -1.04717
-1.0472 -1.04717
-1.0472 -1.04717
-1.0472 -1.04717
-1.0472 -1.04717
-1.0472 -1.04717
-1.0472 -1.04717
-1.0472 -1.04717
-1.0472 -1.04717
-1.0472 -1.04717
-1.0472 -1.04717
-1.0472 -1.04717
-1.0472 -1.04717
-1.0472 -1.04717
-1.0472 -1.04717
-1.0472 -1.04717
-1.0472 -1.04717
-1.0472 -1.04717
-1.0472 -1.04717
-1.0472 -1.04717
-1.0472 -1.04717
-1.0472 -1.04717
-1.0472 -1.04717
-1.0472 -1.04717
-1.0472 -1.04717
-1.0472 -1.04717
-1.0472 -1.04717
-1.0472 -1.04717
-1.0472 -1.04717
-1.0472 -1.04717
-1.0472 -1.04717
-1.0472 -1.04717
-1.0472 -1.04717
-1.0472 -1.04717
-1.0472 -1.04717
-1.0472 -1.04717
-1.0472 -1.04717
-1.0472 -1.04717
-1.0472 -1.04717
-1.0472 -1.04717
-1.0472 -1.04717
-1.0472 -1.04717
-1.0472 -1.04717
-1.0472 -1.04717
-1.0472 -1.04717
-1.0472 -1.04717
-1.0472 -1.04717
-1.0472 -1.04717
-1.0472 -1.04717
-1.0472 -1.04717
-1.0472 -1.04717
-1.0472 -1.04717
-1.0472 -1.04717
-1.0472 -1.04717
-1.0472 -1.04717
-1.0472 -1.04717
-1.0472 -1.04717
-1.0472 -1.04717
-1.0472 -1.04717
-1.0472 -1.04717
-1.0472 -1.04717
-1.0472 -1.04717
-1.0472 -1.04717
-1.0472 -1.04717
-1.0472 -1.04717
-1.0472 -1.04717
-1.0472 -1.04717
-1.0472 -1.04717
-1.0472 -1.04717
-1.0472 -1.04717
-1.0472 -1.04717
-1.0472 -1.04717
-1.0472 -1.04717
-1.0472 -1.04717
-1.0472 -1.04717
-1.0472 -1.04717
-1.0472 -1.04717
-1.0472 -1.04717
-1.0472 -1.04717
-1.0472 -1.04717
-1.0472 -1.04717
-1.0472 -1.04717
-1.0472 -1.04717
-1.0472 -1.04717
-1.0472 -1.04717
-1.0472 -1.04717
-1.0472 -1.04717
-1.0472 -1.04717
-1.0472 -1.04717
-1.0472 -1.04717
-1.0472 -1.04717
-1.0472 -1.04717
-1.0472 -1.04717
-1.0472 -1.04717
-1.0472 -1.04717
-1.0472 -1.04717
-1.0472 -1.04717
-1.0472 -1.04717
-1.0472 -1.04717
-1.0472 -1.04717
-1.0472 -1.04717
-1.0472 -1.04717
-1.0472 -1.04717
-1.0472 -1.04717
-1.0472 -1.04717
-1.0472 -1.04717
-1.0472 -1.04717
-1.0472 -1.04717
-1.0472 -1.04717
-1.0472 -1.04717
-1.0472 -1.04717
-1.0472 -1.04717
-1.0472 -1.04717
-1.0472 -1.04717
-1.0472 -1.04717
-1.0472 -1.04717
-1.0472 -1.04717
-1.0472 -1.04717
-1.0472 -1.04717
-1.0472 -1.04717
-1.0472 -1.04717
-1.0472 -1.04717
-1.0472 -1.04717
-1.0472 -1.04717
-1.0472 -1.04717
-1.0472 -1.04718
-1.0472 -1.04718
-1.0472 -1.04718
-1.0472 -1.04718
-1.0472 -1.04718
-1.0472 -1.04718
-1.0472 -1.04718
-1.0472 -1.04718
-1.0472 -1.04718
-1.0472 -1.04718
-1.0472 -1.04718
-1.0472 -1.04718
-1.0472 -1.04718
-1.0472 -1.04718
-1.0472 -1.04718
-1.0472 -1.04718
-1.0472 -1.04718
-1.0472 -1.04718
-1.0472 -1.04718
-1.0472 -1.04718
-1.0472 -1.04718
-1.0472 -1.04718
-1.0472 -1.04718
-1.0472 -1.04718
-1.0472 -1.04718
-1.0472 -1.04718
-1.0472 -1.04718
-1.0472 -1.04718
-1.0472 -1.04718
-1.0472 -1.04718
-1.0472 -1.04718
-1.0472 -1.04718
-1.0472 -1.04718
-1.0472 -1.04718
-1.0472 -1.04718
-1.0472 -1.04718
-1.0472 -1.04718
-1.0472 -1.04718
-1.0472 -1.04718
-1.0472 -1.04718
-1.0472 -1.04718
-1.0472 -1.04718
-1.0472 -1.04718
-1.0472 -1.04718
-1.0472 -1.04718
-1.0472 -1.04718
-1.0472 -1.04718
-1.0472 -1.04718
-1.0472 -1.04718
-1.0472 -1.04718
-1.0472 -1.04718
-1.0472 -1.04718
-1.0472 -1.04718
-1.0472 -1.04718
-1.0472 -1.04718
-1.0472 -1.04718
-1.0472 -1.04718
-1.0472 -1.04718
-1.0472 -1.04718
-1.0472 -1.04718
-1.0472 -1.04718
-1.0472 -1.04718
-1.0472 -1.04718
-1.0472 -1.04718
-1.0472 -1.04718
-1.0472 -1.04718
-1.0472 -1.04718
-1.0472 -1.04718
-1.0472 -1.04718
-1.0472 -1.04718
-1.0472 -1.04718
-1.0472 -1.04718
-1.0472 -1.04718
-1.0472 -1.04718
-1.0472 -1.04718
-1.0472 -1.04718
-1.0472 -1.04718
-1.0472 -1.04718
-1.0472 -1.04718
-1.0472 -1.04718
-1.0472 -1.04718
-1.0472 -1.04718
-1.0472 -1.04718
-1.0472 -1.04718
-1.0472 -1.04718
-1.0472 -1.04718
-1.0472 -1.04718
-1.0472 -1.04718
-1.0472 -1.04718
-1.0472 -1.04718
-1.0472 -1.04718
-1.0472 -1.04718
-1.0472 -1.04718
-1.0472 -1.04718
-1.0472 -1.04718
-1.0472 -1.04718
-1.0472 -1.04718
-1.0472 -1.04718
-1.0472 -1.04718
-1.0472 -1.04718
-1.0472 -1.04718
-1.0472 -1.04718
-1.0472 -1.04718
-1.0472 -1.04718
-1.0472 -1.04718
-1.0472 -1.04718
-1.0472 -1.04718
-1.0472 -1.04718
-1.0472 -1.04718
-1.0472 -1.04718
-1.0472 -1.04718
-1.0472 -1.04718
-1.0472 -1.04718
-1.0472 -1.04718
-1.0472 -1.04718
-1.0472 -1.04718
-1.0472 -1.04718
-1.0472 -1.04718
-1.0472 -1.04718
-1.0472 -1.04718
-1.0472 -1.04718
-1.0472 -1.04718
-1.0472 -1.04718
-1.0472 -1.04718
-1.0472 -1.04718
-1.0472 -1.04718
-1.0472 -1.04718
-1.0472 -1.04718
-1.0472 -1.04718
-1.0472 -1.04718
-1.0472 -1.04718
-1.0472 -1.04718
-1.0472 -1.04718
-1.0472 -1.04718
-1.0472 -1.04718
-1.0472 -1.04718
-1.0472 -1.04718
-1.0472 -1.04718
-1.0472 -1.04718
-1.0472 -1.04718
-1.0472 -1.04718
-1.0472 -1.04718
-1.0472 -1.04718
-1.0472 -1.04718
-1.0472 -1.04718
-1.0472 -1.04718
-1.0472 -1.04718
-1.0472 -1.04718
-1.0472 -1.04718
-1.0472 -1.04718
-1.0472 -1.04718
-1.0472 -1.04718
-1.0472 -1.04718
-1.0472 -1.04718
-1.0472 -1.04718
-1.0472 -1.04718
-1.0472 -1.04718
-1.0472 -1.04718
-1.0472 -1.04718
-1.0472 -1.04718
-1.0472 -1.04718
-1.0472 -1.04718
-1.0472 -1.04718
-1.0472 -1.04718
-1.0472 -1.04718
-1.0472 -1.04718
-1.0472 -1.04718
-1.0472 -1.04718
-1.0472 -1.04718
-1.0472 -1.04718
-1.0472 -1.04718
-1.0472 -1.04718
-1.0472 -1.04718
-1.0472 -1.04718
-1.0472 -1.04718
-1.0472 -1.04718
-1.0472 -1.04718
-1.0472 -1.04718
-1.0472 -1.04718
-1.0472 -1.04718
-1.0472 -1.04718
-1.0472 -1.04718
-1.0472 -1.04718
-1.0472 -1.04718
-1.0472 -1.04718
-1.0472 -1.04718
-1.0472 -1.04718
-1.0472 -1.04718
-1.0472 -1.04718
-1.0472 -1.04718
-1.0472 -1.04718
-1.0472 -1.04718
-1.0472 -1.04718
-1.0472 -1.04718
-1.0472 -1.04718
-1.0472 -1.04718
-1.0472 -1.04718
-1.0472 -1.04718
-1.0472 -1.04718
-1.0472 -1.04718
-1.0472 -1.04718
-1.0472 -1.04718
-1.0472 -1.04718
-1.0472 -1.04718
-1.0472 -1.04718
-1.0472 -1.04718
-1.0472 -1.04718
-1.0472 -1.04718
-1.0472 -1.04718
-1.0472 -1.04718
-1.0472 -1.04718
-1.0472 -1.04718
-1.0472 -1.04718
-1.0472 -1.04718
-1.0472 -1.04718
-1.0472 -1.04718
-1.0472 -1.04718
-1.0472 -1.04718
-1.0472 -1.04718
-1.0472 -1.04718
-1.0472 -1.04718
-1.0472 -1.04718
-1.0472 -1.04718
-1.0472 -1.04718
-1.0472 -1.04718
-1.0472 -1.04718
-1.0472 -1.04718
-1.0472 -1.04718
-1.0472 -1.04718
-1.0472 -1.04718
-1.0472 -1.04718
-1.0472 -1.04718
-1.0472 -1.04718
-1.0472 -1.04718
-1.0472 -1.04718
-1.0472 -1.04718
-1.0472 -1.04718
-1.0472 -1.04718
-1.0472 -1.04718
-1.0472 -1.04718
-1.0472 -1.04718
-1.0472 -1.04718
-1.0472 -1.04718
-1.0472 -1.04718
-1.0472 -1.04718
-1.0472 -1.04718
-1.0472 -1.04718
-1.0472 -1.04718
-1.0472 -1.04718
-1.0472 -1.04718
-1.0472 -1.04718
-1.0472 -1.04718
-1.0472 -1.04718
-1.0472 -1.04718
-1.0472 -1.04718
-1.0472 -1.04718
-1.0472 -1.04718
-1.0472 -1.04718
-1.0472 -1.04718
-1.0472 -1.04718
-1.0472 -1.04718
-1.0472 -1.04718
-1.0472 -1.04718
-1.0472 -1.04718
-1.0472 -1.04718
-1.0472 -1.04718
-1.0472 -1.04718
-1.0472 -1.04718
-1.0472 -1.04718
-1.0472 -1.04718
-1.0472 -1.04718
-1.0472 -1.04718
-1.0472 -1.04718
-1.0472 -1.04718
-1.0472 -1.04718
-1.0472 -1.04718
-1.0472 -1.04718
-1.0472 -1.04718
-1.0472 -1.04718
-1.0472 -1.04718
-1.0472 -1.04718
-1.0472 -1.04718
-1.0472 -1.04718
-1.0472 -1.04718
-1.0472 -1.04718
-1.0472 -1.04718
-1.0472 -1.04718
-1.0472 -1.04718
-1.0472 -1.04718
-1.0472 -1.04718
-1.0472 -1.04718
-1.0472 -1.04718
-1.0472 -1.04718
-1.0472 -1.04718
-1.0472 -1.04718
-1.0472 -1.04718
-1.0472 -1.04718
-1.0472 -1.04718
-1.0472 -1.04718
-1.0472 -1.04718
-1.0472 -1.04718
-1.0472 -1.04718
-1.0472 -1.04718
-1.0472 -1.04718
-1.0472 -1.04718
-1.0472 -1.04718
-1.0472 -1.04718
-1.0472 -1.04718
-1.0472 -1.04718
-1.0472 -1.04718
-1.0472 -1.04718
-1.0472 -1.04718
-1.0472 -1.04718
-1.0472 -1.04718
-1.0472 -1.04718
-1.0472 -1.04718
-1.0472 -1.04718
-1.0472 -1.04718
-1.0472 -1.04718
-1.0472 -1.04718
-1.0472 -1.04718
-1.0472 -1.04718
-1.0472 -1.04718
-1.0472 -1.04718
-1.0472 -1.04718
-1.0472 -1.04718
-1.0472 -1.04718
-1.0472 -1.04718
-1.0472 -1.04718
-1.0472 -1.04718
-1.0472 -1.04718
-1.0472 -1.04718
-1.0472 -1.04718
-1.0472 -1.04718
-1.0472 -1.04718
-1.0472 -1.04718
-1.0472 -1.04718
-1.0472 -1.04718
-1.0472 -1.04718
-1.0472 -1.04718
-1.0472 -1.04718
-1.0472 -1.04718
-1.0472 -1.04718
-1.0472 -1.04718
-1.0472 -1.04718
-1.0472 -1.04718
-1.0472 -1.04718
-1.0472 -1.04718
-1.0472 -1.04718
-1.0472 -1.04718
-1.0472 -1.04718
-1.0472 -1.04718
-1.0472 -1.04718
-1.0472 -1.04718
-1.0472 -1.04718
-1.0472 -1.04718
-1.0472 -1.04718
-1.0472 -1.04718
-1.0472 -1.04718
-1.0472 -1.04718
-1.0472 -1.04718
-1.0472 -1.04718
-1.0472 -1.04718
-1.0472 -1.04718
-1.0472 -1.04718
-1.0472 -1.04718
-1.0472 -1.04718
-1.0472 -1.04718
-1.0472 -1.04718
-1.0472 -1.04718
-1.0472 -1.04718
-1.0472 -1.04718
-1.0472 -1.04718
-1.0472 -1.04718
-1.0472 -1.04718
-1.0472 -1.04718
-1.0472 -1.04718
-1.0472 -1.04718
-1.0472 -1.04718
-1.0472 -1.04718
-1.0472 -1.04718
-1.0472 -1.04718
-1.0472 -1.04718
-1.0472 -1.04718
-1.0472 -1.04718
-1.0472 -1.04718
-1.0472 -1.04718
-1.0472 -1.04718
-1.0472 -1.04718
-1.0472 -1.04718
-1.0472 -1.04718
-1.0472 -1.04718
-1.0472 -1.04718
-1.0472 -1.04718
-1.0472 -1.04718
-1.0472 -1.04718
-1.0472 -1.04718
-1.0472 -1.04718
-1.0472 -1.04718
-1.0472 -1.04718
-1.0472 -1.04718
-1.0472 -1.04718
-1.0472 -1.04718
-1.0472 -1.04718
-1.0472 -1.04718
-1.0472 -1.04718
-1.0472 -1.04718
-1.0472 -1.04718
-1.0472 -1.04718
-1.0472 -1.04718
-1.0472 -1.04718
-1.0472 -1.04718
-1.0472 -1.04718
-1.0472 -1.04718
-1.0472 -1.04717
-1.0472 -1.04717
-1.0472 -1.04717
-1.0472 -1.04717
-1.0472 -1.04717
-1.0472 -1.04717
-1.0472 -1.04717
-1.0472 -1.04717
-1.0472 -1.04717
-1.0472 -1.04717
-1.0472 -1.04717
-1.0472 -1.04717
-1.0472 -1.04717
-1.0472 -1.04717
-1.0472 -1.04717
-1.0472 -1.04717
-1.0472 -1.04717
-1.0472 -1.04717
-1.0472 -1.04717
-1.0472 -1.04717
-1.0472 -1.04717
-1.0472 -1.04717
-1.0472 -1.04717
-1.0472 -1.04717
-1.0472 -1.04717
-1.0472 -1.04717
-1.0472 -1.04717
-1.0472 -1.04717
-1.0472 -1.04717
-1.0472 -1.04717
-1.0472 -1.04717
-1.0472 -1.04717
-1.0472 -1.04717
-1.0472 -1.04717
-1.0472 -1.04717
-1.0472 -1.04717
-1.0472 -1.04717
-1.0472 -1.04717
-1.0472 -1.04717
-1.0472 -1.04717
-1.0472 -1.04717
-1.0472 -1.04717
-1.0472 -1.04717
-1.0472 -1.04717
-1.0472 -1.04717
-1.0472 -1.04717
-1.0472 -1.04717
-1.0472 -1.04717
-1.0472 -1.04717
-1.0472 -1.04717
-1.0472 -1.04717
-1.0472 -1.04717
-1.0472 -1.04717
-1.0472 -1.04717
-1.0472 -1.04717
-1.0472 -1.04717
-1.0472 -1.04717
-1.0472 -1.04717
-1.0472 -1.04717
-1.0472 -1.04717
-1.0472 -1.04717
-1.0472 -1.04717
-1.0472 -1.04717
-1.0472 -1.04717
-1.0472 -1.04717
-1.0472 -1.04717
-1.0472 -1.04717
-1.0472 -1.04717
-1.0472 -1.04717
-1.0472 -1.04717
-1.0472 -1.04717
-1.0472 -1.04717
-1.0472 -1.04717
-1.0472 -1.04717
-1.0472 -1.04717
-1.0472 -1.04717
-1.0472 -1.04717
-1.0472 -1.04717
-1.0472 -1.04717
-1.0472 -1.04717
-1.0472 -1.04717
-1.0472 -1.04717
